1	2	1		-27.66674894
2	3	1		-44.64892041
2	1	1		-28.95990165
1	4	1		-43.33214546
3	1	2		-41.0532128
2	2	1		-36.37450493
2	2	2		-39.50182973
1	3	2		-39.16929242
1	3	2		-39.05846072
3	1	2		-41.35394186
2	3	1		-44.41516068
1	1	2		-23.54368377
1	1	4		-30.42816232
1	2	3		-34.94619527
2	1	2		-32.67142493
2	2	2		-40.41044502
2	3	1		-44.53838244
2	2	2		-40.57244861
2	3	1		-44.14306997
2	2	2		-40.53636577
1	1	4		-30.96573501
2	1	3		-35.97971281
1	2	2		-31.1235825
1	1	4		-30.93514484
2	1	3		-36.16398565
2	3	1		-44.60698606
2	1	3		-36.68049637
1	1	1		-20.12081199
3	2	1		-46.02884808
1	2	3		-34.89495762
3	2	1		-45.81856115
1	2	3		-34.89271302
2	2	2		-40.32367252
3	1	2		-41.80927305
2	2	2		-39.85225354
3	2	1		-45.92149703
3	1	2		-41.52792205
2	2	2		-40.07154951
2	2	2		-40.28711341
2	2	1		-36.62270255
4	1	1		-46.84802301
3	2	1		-45.32260161
2	1	1		-28.88151209
2	1	3		-36.02349652
1	2	3		-34.73655279
1	2	3		-34.85869568
1	3	2		-39.23202798
1	2	3		-34.95605641
2	1	1		-28.92774566
3	1	2		-40.7232961
1	2	3		-34.74855377
1	3	2		-38.9869585
2	1	1		-28.86622272
2	3	1		-44.54702513
2	2	2		-40.37689381
1	1	4		-31.0451426
2	1	2		-32.50456899
1	2	3		-35.02753696
2	3	1		-44.08087781
1	1	1		-19.7287588
3	1	2		-41.19573139
1	2	3		-35.12553339
1	3	2		-39.2182873
3	2	1		-45.93877878
2	2	2		-40.33446211
1	3	2		-39.02352207
3	1	2		-41.31186407
2	1	3		-36.01178576
2	2	2		-39.99932748
1	3	2		-39.44080509
2	2	2		-40.19829517
2	3	1		-44.31442141
1	1	4		-30.80750304
1	2	3		-34.72639286
3	2	1		-45.32968731
2	2	2		-40.82054868
3	1	2		-41.44294349
2	2	2		-40.65985772
4	1	1		-46.59947928
1	2	3		-34.9945919
2	2	1		-36.89641206
2	2	2		-40.27709843
2	2	2		-40.33383508
2	3	1		-44.34737098
2	1	3		-35.7905419
2	1	3		-35.7795076
4	1	1		-47.06838299
2	1	3		-36.08743872
1	1	2		-23.77547351
2	2	2		-40.0904917
1	2	3		-35.16632809
2	2	2		-40.44340397
3	1	2		-41.42784326
3	2	1		-45.53271242
3	2	1		-45.27268926
2	2	1		-36.7235917
1	1	2		-23.70695905
1	2	3		-35.15714836
1	2	3		-35.08473729
2	2	2		-40.45324483
1	2	3		-35.05357763
2	1	3		-35.98221219
2	2	1		-36.92232339
3	2	1		-45.42519639
1	2	3		-34.8113532
2	3	1		-44.30835792
2	3	1		-44.19627978
1	3	2		-39.03724025
3	2	1		-45.73681229
2	1	3		-35.9392647
2	3	1		-44.36765994
2	3	1		-44.12026816
3	1	2		-41.5018253
2	2	1		-36.66996324
2	2	2		-39.55319807
2	1	3		-35.78717096
1	2	3		-34.64965193
1	2	3		-35.2574139
1	2	2		-31.06052858
4	1	1		-46.70136312
3	1	2		-41.32926747
1	3	2		-39.30589865
1	2	2		-31.08293061
1	2	3		-35.28563185
2	1	3		-36.09277032
2	2	1		-36.43559366
2	1	3		-35.62127163
3	1	2		-41.20174577
2	2	2		-40.31702148
2	3	1		-44.66759332
1	2	3		-35.1724117
2	2	2		-40.38323563
2	1	3		-35.70522853
2	3	1		-44.29883405
3	2	1		-45.61898213
2	2	2		-40.0120088
1	1	2		-23.50219492
3	1	2		-40.9982719
2	2	2		-40.14370039
1	1	4		-30.98969888
3	1	2		-41.4247925
4	1	1		-46.84939178
3	2	1		-45.65380965
1	2	2		-31.49057641
2	3	1		-44.81402873
1	1	4		-30.91666073
1	3	2		-39.04702052
3	2	1		-45.87132842
4	1	1		-46.54463555
2	1	2		-32.55272374
2	2	1		-36.54781223
1	3	2		-39.30608526
2	2	2		-40.46115594
2	1	3		-36.41534815
3	1	2		-40.74488267
2	2	2		-39.90938119
1	2	1		-27.72561574
1	3	2		-39.28805646
4	1	1		-47.03777738
1	3	1		-35.56317861
2	2	2		-40.04147686
2	3	1		-44.48189777
2	3	1		-44.43466338
3	1	1		-37.99365779
1	2	1		-27.73372131
1	2	3		-34.9884849
2	2	2		-39.55356217
3	1	2		-41.29119235
1	1	3		-27.03707636
1	2	3		-35.19630105
3	1	1		-37.81036426
3	2	1		-45.69815416
1	3	2		-39.39894687
2	1	1		-28.59558454
2	2	1		-36.82814039
1	2	3		-34.88059177
4	1	1		-47.05769495
3	1	2		-41.34789073
2	1	3		-36.45023668
2	1	3		-36.15964748
2	3	1		-44.05074714
1	3	2		-39.11398536
1	3	2		-38.37748381
1	2	2		-32.24050047
2	1	2		-32.37412435
3	1	2		-41.22185892
1	2	1		-28.03665865
1	2	1		-27.49338522
1	2	1		-27.75062585
2	3	1		-44.33770716
2	2	1		-37.38920764
3	1	2		-41.2551542
1	1	2		-23.51084869
1	3	1		-35.44758389
1	3	2		-39.78924836
1	4	1		-43.11368725
2	1	3		-35.75583841
2	3	1		-44.26880008
3	1	2		-41.90919031
1	1	4		-31.51359047
1	2	3		-34.77214811
2	3	1		-44.48525201
2	1	3		-36.29926613
2	2	2		-40.40330968
3	1	2		-41.23168884
1	2	3		-34.80703424
2	1	2		-32.43362135
2	1	1		-28.40523836
3	1	2		-41.6592876
2	1	2		-32.58292019
2	1	3		-35.82723256
2	1	3		-36.08761482
1	2	3		-35.14653638
2	3	1		-44.47904355
2	2	2		-40.20468006
1	3	2		-39.22614917
2	2	2		-39.99812648
3	1	2		-41.70857993
1	1	4		-31.56079316
2	3	1		-44.57384975
2	2	2		-40.30492921
1	3	2		-38.90423028
1	3	2		-38.97431933
2	3	1		-44.41532872
2	2	2		-40.18617035
2	1	1		-28.86948143
1	3	1		-35.69882658
3	1	1		-38.23988485
3	2	1		-45.69219075
2	2	2		-40.72614924
2	2	2		-40.98695314
2	3	1		-44.28148756
2	2	2		-40.19254801
3	2	1		-45.37406098
3	2	1		-45.49683771
1	3	2		-39.10617983
2	2	2		-40.60907077
2	3	1		-44.62317466
3	1	1		-37.99306016
2	1	3		-35.49313837
2	3	1		-44.53711114
2	1	3		-36.1083297
2	1	3		-36.26092429
3	1	2		-41.39481158
1	1	4		-30.74258783
1	3	2		-38.47323252
2	3	1		-43.93496078
1	3	2		-38.39541582
3	2	1		-45.62488144
1	2	3		-35.27037195
2	2	2		-39.89806034
4	1	1		-46.81251897
2	1	3		-35.93630483
1	4	1		-43.22941816
1	4	1		-43.52536017
1	2	2		-31.54714733
3	2	1		-45.75479243
3	2	1		-45.41831416
1	2	3		-34.9235607
1	2	2		-31.54059498
2	3	1		-44.3946018
1	2	3		-35.27277049
2	3	1		-44.01502838
1	3	2		-39.5489455
1	2	3		-35.12483136
1	3	2		-39.21943925
2	1	3		-36.21428545
3	1	2		-41.48060085
1	3	2		-39.51464248
3	1	2		-41.58657939
2	3	1		-44.30396551
1	3	2		-38.71808348
2	2	1		-36.88020097
4	1	1		-46.9696568
2	2	2		-40.32021502
1	4	1		-42.97509509
2	2	2		-40.22029075
3	2	1		-45.57592997
1	1	4		-30.94232451
1	1	3		-27.32324499
1	4	1		-43.67160186
1	4	1		-43.34896124
2	1	3		-35.7508725
1	2	1		-27.73454265
1	1	4		-30.69209985
2	2	2		-40.59429096
1	2	3		-35.46786211
3	2	1		-45.91333848
2	2	2		-40.61855306
1	3	1		-35.62887343
3	2	1		-45.3652792
2	2	2		-40.37632353
3	2	1		-45.67945754
2	3	1		-44.43436331
2	2	2		-40.19161214
2	1	3		-35.56290915
3	2	1		-45.67574342
1	2	1		-27.88080541
2	2	2		-40.45974302
1	2	3		-34.97377084
2	3	1		-44.44202703
1	2	2		-31.53280347
2	2	2		-40.60828474
2	2	2		-40.11641187
1	4	1		-43.0471716
3	1	2		-40.77866438
2	2	2		-40.1542048
1	3	2		-38.90764902
1	2	2		-31.48345237
3	1	2		-41.43264802
2	2	2		-40.24240008
1	3	2		-38.82229663
1	3	2		-39.22686589
1	3	2		-39.1911624
3	2	1		-45.46028365
2	2	2		-40.65797559
3	1	2		-41.44916566
3	1	2		-41.43456315
1	3	2		-39.11631564
2	2	2		-40.39702462
4	1	1		-47.064699
2	1	1		-29.27221829
2	2	2		-39.75853987
4	1	1		-46.6244054
2	2	2		-39.74756314
1	2	1		-28.00060741
2	3	1		-44.48417878
2	1	3		-35.63447063
3	2	1		-45.47588173
1	1	4		-30.84760756
2	1	3		-36.16219758
3	1	2		-41.33148377
1	3	2		-39.72745542
4	1	1		-46.86572282
3	1	2		-40.62145291
2	2	2		-40.53422332
1	2	3		-35.29351311
2	2	1		-36.79056794
2	1	3		-36.22491057
4	1	1		-46.68837512
1	3	2		-38.73462016
3	2	1		-45.6003452
2	1	2		-32.79247562
2	1	3		-36.25547711
3	1	2		-41.17753803
2	2	2		-40.31873069
2	2	1		-36.74930163
2	1	3		-36.12293651
3	2	1		-45.46944054
3	2	1		-45.63626367
2	3	1		-44.64898588
3	2	1		-45.30675254
2	1	2		-32.23505215
1	3	2		-39.42863523
3	2	1		-45.69955519
1	2	3		-35.20230762
3	2	1		-45.93419667
2	1	3		-35.74963908
1	2	3		-35.1004491
2	1	3		-35.59369495
3	1	2		-41.42846592
2	1	3		-36.22681163
1	1	4		-30.25204796
2	2	2		-40.02109425
1	3	2		-39.30976015
1	2	3		-35.32402273
2	1	1		-28.96624483
1	4	1		-43.06435432
2	3	1		-44.93812601
1	1	4		-31.0136826
3	1	2		-40.60490861
2	1	3		-35.51965951
2	1	2		-32.83297962
1	1	2		-24.02251303
1	2	2		-31.40640988
2	1	3		-35.56493233
2	2	2		-39.78913009
1	1	2		-23.71472321
3	2	1		-45.77811596
3	1	2		-41.36643243
1	1	4		-31.10859033
2	2	2		-40.29989711
1	4	1		-43.45823348
4	1	1		-46.91567899
2	1	2		-32.38958108
3	1	2		-41.11399674
1	1	4		-30.98467965
3	2	1		-45.68797212
1	2	2		-31.58225364
1	4	1		-43.04594598
2	3	1		-44.81198749
2	2	2		-40.36485419
1	4	1		-43.44406281
2	1	3		-35.84133202
3	2	1		-45.32402639
2	2	2		-39.92541856
3	2	1		-45.56596215
4	1	1		-46.63214337
2	2	2		-40.05075921
3	2	1		-45.48520977
3	1	2		-41.29349978
1	3	2		-39.63161317
1	1	4		-31.04403773
1	2	3		-34.80249101
2	2	2		-40.29200091
2	3	1		-44.3554513
1	2	2		-31.06708471
1	4	1		-43.17276573
2	1	3		-36.00356786
1	2	3		-35.07487233
3	2	1		-45.55240846
2	2	2		-40.44386812
1	3	2		-39.15647572
1	4	1		-43.34483353
2	1	3		-36.18195641
2	2	2		-40.14174182
3	1	2		-41.19474452
1	1	4		-30.72079768
1	3	1		-35.63228679
3	2	1		-45.66133483
1	3	1		-35.96903114
3	2	1		-45.77245643
2	2	2		-40.25435719
2	2	1		-36.67943667
1	2	3		-34.99457242
2	2	1		-36.29342294
3	2	1		-45.46461781
2	1	3		-36.10096898
1	2	3		-34.89245001
1	1	1		-20.1921621
1	1	3		-27.34669447
2	2	2		-39.60609369
2	2	2		-39.68680782
4	1	1		-46.57518484
3	1	2		-41.63417889
2	3	1		-44.37007904
2	2	2		-40.48348382
1	3	2		-39.34238849
2	2	2		-39.9872321
1	1	4		-30.92306426
1	3	2		-38.92776789
1	3	1		-35.47635097
3	1	2		-41.56052368
3	1	2		-40.52067998
1	1	2		-23.70896408
3	2	1		-45.58599921
3	1	2		-42.15730644
1	4	1		-43.30893993
1	2	3		-35.07617797
1	1	4		-30.97078542
2	3	1		-44.32783368
1	2	2		-31.70871558
3	1	1		-37.71128539
1	3	2		-39.08498956
2	1	3		-36.16607792
3	1	1		-37.71622833
1	4	1		-43.19864431
1	3	2		-38.98000565
3	1	2		-41.14654276
2	2	2		-39.69915312
1	1	4		-31.53420492
1	1	2		-23.51026309
1	1	2		-23.63945584
2	3	1		-44.50017882
1	4	1		-43.24672373
4	1	1		-46.70507326
1	2	3		-35.36543511
2	1	3		-36.11328663
2	2	2		-40.63158893
4	1	1		-46.71662218
3	1	1		-38.08249082
1	4	1		-43.294092
1	1	3		-27.5258923
4	1	1		-46.30939682
2	1	3		-35.76014757
1	2	3		-35.21450788
2	1	3		-36.09612503
1	4	1		-43.21622975
1	3	2		-39.24886305
3	2	1		-45.76319356
3	1	2		-40.72956457
2	3	1		-44.33312932
1	3	2		-39.85929054
2	1	3		-36.27370567
1	2	1		-27.73492548
1	2	2		-31.51915431
1	1	2		-23.70863276
2	1	3		-35.49399727
1	2	1		-27.64699689
3	1	2		-41.53563817
2	2	2		-40.27052327
2	3	1		-44.59188239
2	1	1		-28.90773365
1	4	1		-43.00849469
2	2	2		-40.04576771
3	2	1		-45.51019609
1	3	2		-39.5367437
1	2	3		-35.19051738
1	1	4		-31.14243284
1	2	1		-28.28829711
1	3	2		-38.64389193
3	1	2		-40.88697152
1	1	4		-30.82360152
3	2	1		-46.28750255
2	3	1		-44.36867819
1	3	2		-39.20982551
2	2	2		-40.14276169
1	2	3		-35.28544633
3	1	2		-41.20586171
2	3	1		-44.57250947
1	2	2		-31.67653905
1	1	3		-27.10977433
2	2	2		-39.94435553
1	3	2		-39.32342556
4	1	1		-46.7485266
3	2	1		-45.68030097
2	2	2		-40.08998668
2	1	1		-29.16736735
1	2	3		-34.80892118
3	2	1		-45.36012285
3	2	1		-45.33234795
2	2	2		-40.24870288
2	2	2		-40.41759964
3	1	1		-37.57026246
1	2	2		-31.12498472
2	1	2		-33.19955513
2	2	2		-40.40971771
2	2	2		-40.22458118
2	3	1		-44.06103587
3	1	2		-41.6396357
2	2	2		-40.40632159
1	4	1		-43.09980984
3	1	2		-41.4327438
2	2	2		-40.6339044
2	2	2		-40.36051001
1	1	3		-27.3325395
2	1	3		-36.10720574
2	1	2		-32.3802658
1	2	3		-35.26322272
3	2	1		-45.8980683
1	1	4		-30.50876439
2	3	1		-44.41854079
3	2	1		-45.77770081
2	2	2		-40.20406094
1	2	3		-34.96716152
1	1	2		-23.79662866
2	2	2		-40.1238291
1	1	4		-30.63666956
1	2	3		-34.96321793
2	2	2		-40.42966506
2	2	2		-40.04162063
4	1	1		-46.83426293
1	1	4		-30.54833429
1	2	3		-35.13766532
2	2	2		-39.89900344
1	4	1		-43.42894604
1	2	2		-31.25390384
2	1	2		-32.11864387
3	2	1		-45.4124432
1	3	2		-39.23840457
2	3	1		-44.83375615
3	1	2		-41.23668869
1	3	2		-39.41438532
2	2	2		-40.44180967
1	2	3		-35.33139601
4	1	1		-46.83916456
2	1	3		-35.54713317
2	2	2		-40.30431342
1	2	3		-35.00539334
3	2	1		-45.17629716
1	2	3		-35.79207941
4	1	1		-46.66914777
1	2	2		-31.1852317
2	2	2		-40.49621261
3	2	1		-45.28806278
2	3	1		-44.56564512
1	2	1		-27.94875216
1	1	3		-27.14746226
1	1	3		-27.51077223
1	2	3		-35.1897465
3	1	2		-41.3445229
2	1	2		-32.34049503
2	1	3		-35.81177566
3	1	2		-40.81882543
1	4	1		-43.26007254
2	3	1		-44.2378304
2	3	1		-44.09550275
2	2	2		-40.42244172
2	1	1		-29.03923064
1	4	1		-43.15001702
4	1	1		-46.6627077
2	1	3		-36.1578997
2	3	1		-44.55910755
2	1	3		-36.26610269
1	1	2		-23.04472242
1	3	2		-39.03945832
1	2	3		-34.87587218
2	2	2		-40.35816624
2	2	2		-41.30884793
1	4	1		-43.16414981
1	2	3		-35.07763904
1	3	2		-39.4918677
2	1	3		-35.3834342
4	1	1		-46.82311123
1	3	1		-35.30357894
3	2	1		-45.65333238
3	2	1		-45.5487073
2	2	2		-40.23156859
2	2	2		-39.58541178
4	1	1		-46.9688596
1	1	4		-30.60086418
1	4	1		-43.57712009
3	1	1		-37.82791168
4	1	1		-46.79585703
1	3	2		-39.40307711
2	1	1		-28.64980978
3	1	2		-41.16486712
1	3	2		-39.24454515
2	1	3		-36.15276214
1	4	1		-43.35971785
2	3	1		-44.22632585
1	4	1		-43.4679093
2	2	2		-39.59596698
2	2	1		-36.98914985
1	1	4		-30.79489044
2	3	1		-44.25100457
4	1	1		-46.81375778
1	3	2		-39.14512233
2	3	1		-44.07089073
2	2	1		-36.53119325
1	1	3		-27.11806183
3	2	1		-45.16003283
2	3	1		-45.06216228
1	3	2		-39.33992014
2	3	1		-44.25771874
2	1	3		-36.10545409
1	3	2		-38.91335418
2	2	2		-40.42227955
3	1	2		-41.54317516
1	2	3		-35.21246692
3	2	1		-44.93685406
2	1	2		-32.40766869
2	1	2		-31.9799769
4	1	1		-47.13839054
1	2	3		-34.83360862
1	3	1		-35.43145451
3	1	2		-41.11139772
2	1	3		-36.12916028
1	4	1		-43.22065181
2	1	3		-35.78271946
2	2	2		-39.4592579
2	1	2		-32.13998934
1	1	4		-30.94276743
2	1	3		-35.60264922
3	2	1		-45.66131851
2	1	3		-36.15363569
2	2	1		-36.74167455
2	3	1		-44.46006827
2	2	2		-40.53101049
2	3	1		-44.67696932
1	3	2		-38.74404076
3	1	2		-41.32362183
2	1	2		-31.95042307
3	2	1		-45.65610569
3	1	2		-41.69873732
1	4	1		-43.58808249
3	1	2		-41.70174933
1	3	2		-39.4911166
1	3	2		-38.97970996
3	1	2		-41.69728454
1	2	3		-35.49351889
1	3	2		-39.33747507
1	2	3		-35.21263341

