2	0	6	-0.53552077	-0.066940096
2	0	6	-0.56196634	-0.070245793
2	0	5	-0.18221101	-0.026030144
4	0	4	-0.58531117	-0.073163896
2	0	5	-0.54028944	-0.077184206
4	0	3	-0.30405245	-0.043436064
4	0	4	-0.02177744	-0.00272218
5	0	3	0.08655212	0.010819015
5	0	2	-0.33397888	-0.047711269
5	0	3	-0.50057763	-0.062572204
2	0	6	-0.42799067	-0.053498834
6	0	2	0.14134125	0.017667656
4	0	4	0.0791051	0.009888138
1	0	7	-0.32208029	-0.040260036
2	0	6	-0.24244055	-0.030305069
3	0	1	0.14239248	0.03559812
3	0	4	-0.52516555	-0.07502365
5	0	3	-0.3063131	-0.038289138
6	0	2	-0.37646482	-0.047058103
1	0	7	-0.16044248	-0.02005531
6	0	2	-0.00431893	-0.000539866
6	0	2	-0.25010787	-0.031263484
3	0	5	-0.21004393	-0.026255491
4	0	3	-0.42938023	-0.061340033
4	0	4	-0.13901139	-0.017376424
1	0	4	-0.45276132	-0.090552264
4	0	4	-0.11956699	-0.014945874
3	0	5	0.04567101	0.005708876
4	0	4	-0.1451699	-0.018146237
3	0	4	-0.68371491	-0.097673559
3	0	5	-0.53758531	-0.067198164
3	0	4	0.03142052	0.004488646
5	0	2	0.07156706	0.010223866
3	0	5	-0.5081257	-0.063515713
6	0	1	-0.1290016	-0.0184288
3	0	5	-0.11098175	-0.013872719
7	0	1	-0.21499883	-0.026874854
5	0	2	-0.09372359	-0.013389084
2	0	4	-0.12829225	-0.021382042
3	0	5	-0.60942483	-0.076178104
2	0	6	-0.43358291	-0.054197864
3	0	4	-0.29269746	-0.041813923
5	0	2	-0.53124426	-0.075892037
4	0	4	-0.1012249	-0.012653112
4	0	3	-0.31670692	-0.045243846
6	0	2	-0.07432551	-0.009290689
3	0	3	-0.21206545	-0.035344242
2	0	6	0.00348684	0.000435855
4	0	2	-0.11720072	-0.019533453
5	0	3	0.17858562	0.022323203
3	0	3	-0.1367933	-0.022798883
5	0	1	-0.04540613	-0.007567688
1	0	0	0	0
3	0	5	-0.61080277	-0.076350346
5	0	3	-0.09079021	-0.011348776
2	0	4	0.03381484	0.005635807
3	0	5	-0.42654504	-0.05331813
3	0	2	-0.64698755	-0.12939751
4	0	4	-0.48359415	-0.060449269
7	0	1	-0.24289307	-0.030361634
3	0	3	-0.35523722	-0.059206203
4	0	4	0.10661501	0.013326876
4	0	4	-0.42991734	-0.053739668
1	0	7	-0.28338238	-0.035422798
4	0	4	-0.22979386	-0.028724232
5	0	2	-0.34860035	-0.04980005
5	0	3	-0.46668393	-0.058335491
3	0	3	0.04663078	0.007771797
1	0	7	-0.10165063	-0.012706329
7	0	1	-0.09579405	-0.011974256
5	0	3	0.03603616	0.00450452
3	0	5	-0.09195348	-0.011494185
5	0	3	-1.0471677	-0.130895963
2	0	4	-0.14500073	-0.024166788
3	0	5	-0.17793078	-0.022241348
3	0	3	0.17922897	0.029871495
3	0	4	0.10391132	0.014844474
5	0	3	-0.05852641	-0.007315801
3	0	5	-0.09624834	-0.012031043
6	0	2	-0.17664529	-0.022080661
4	0	3	0.04178203	0.005968861
5	0	3	0.00650115	0.000812644
3	0	5	-0.45656382	-0.057070477
4	0	4	-0.50887946	-0.063609933
1	0	7	-0.3378692	-0.04223365
4	0	4	-0.23731991	-0.029664989
2	0	6	-0.34446621	-0.043058276
4	0	4	-0.15767608	-0.01970951
3	0	1	0.15006886	0.037517215
4	0	4	0.32464295	0.040580369
1	0	4	-0.4566057	-0.09132114
7	0	1	-0.28711657	-0.035889571
5	0	2	0.07195681	0.010279544
4	0	4	-0.2773445	-0.034668062
2	0	6	0.1952383	0.024404788
2	0	6	-0.39207458	-0.049009322
3	0	5	-0.39825708	-0.049782135
5	0	3	-0.20930309	-0.026162886
3	0	5	0.27070146	0.033837682
2	0	4	0.21699939	0.036166565
3	0	3	-0.07098345	-0.011830575
6	0	2	-0.04112706	-0.005140883
3	0	3	-0.24919592	-0.041532653
2	0	6	-0.14805472	-0.01850684
4	0	1	-0.06036973	-0.012073946
5	0	3	-0.17177416	-0.02147177
5	0	1	-0.16304752	-0.027174587
3	0	3	-0.14303842	-0.023839737
3	0	4	-1.17071316	-0.167244737
3	0	5	-0.0660813	-0.008260163
3	0	2	-0.08979295	-0.01795859
5	0	3	-0.24798001	-0.030997501
4	0	4	-1.06377839	-0.132972299
4	0	3	0.33129497	0.047327853
7	0	1	-0.19690056	-0.02461257
3	0	5	0.47492071	0.059365089
5	0	2	-0.39095481	-0.055850687
5	0	2	-0.33520859	-0.047886941
5	0	1	-0.2903349	-0.04838915
5	0	3	-0.64149009	-0.080186261
2	0	4	-0.21466559	-0.035777598
4	0	4	-0.22062325	-0.027577906
1	0	3	0.26126027	0.065315067
2	0	4	-0.46637726	-0.077729543
4	0	4	-0.48546154	-0.060682693
4	0	4	-0.20548156	-0.025685195
4	0	4	0.25638814	0.032048518
4	0	2	-0.44876932	-0.074794887
5	0	3	-0.44666361	-0.055832951
3	0	4	-0.4636151	-0.066230729
3	0	2	0.10500035	0.02100007
0	0	1	0	0
3	0	5	-0.12542251	-0.015677814
3	0	5	0.15024936	0.01878117
6	0	2	-0.25552404	-0.031940505
5	0	3	0.17520663	0.021900829
2	0	4	-0.65810218	-0.109683697
3	0	5	-0.58352294	-0.072940368
5	0	3	-0.18779692	-0.023474615
1	0	1	-0.1429075	-0.07145375
5	0	3	0.01486714	0.001858393
3	0	5	-0.36740143	-0.045925179
7	0	1	-0.4208743	-0.052609287
5	0	3	-0.06412053	-0.008015066
2	0	5	-0.55538217	-0.07934031
5	0	1	0.08898006	0.01483001
6	0	2	-0.42429837	-0.053037296
3	0	3	-0.0915661	-0.015261017
5	0	3	-0.24882311	-0.031102889
7	0	1	0.04535387	0.005669234
6	0	2	-0.56662467	-0.070828084
6	0	1	-0.26442335	-0.037774764
5	0	3	0.26590573	0.033238216
1	0	2	-0.37553695	-0.125178983
4	0	4	-0.32363269	-0.040454086
1	0	7	0.11694352	0.01461794
3	0	5	-0.6232287	-0.077903587
7	0	1	-0.23560758	-0.029450947
5	0	3	-0.4111822	-0.051397775
4	0	4	-0.26864758	-0.033580947
6	0	1	-0.04603675	-0.006576679
2	0	6	-0.89900432	-0.11237554
7	0	1	0.12149284	0.015186605
4	0	4	-0.06386545	-0.007983181
2	0	4	0.22882942	0.038138237
1	0	6	-0.34070033	-0.048671476
5	0	3	-0.23794009	-0.029742511
1	0	3	0.16894888	0.04223722
1	0	5	-0.06574868	-0.010958113
4	0	4	-0.49173952	-0.06146744
4	0	4	-0.32083342	-0.040104177
6	0	1	0.14255466	0.020364951
4	0	1	0.11733788	0.023467576
4	0	2	0.09729875	0.016216458
3	0	5	-0.1778283	-0.022228538
4	0	4	-1.03184719	-0.128980899
4	0	4	0.33626356	0.042032945
5	0	3	0.14485148	0.018106435
3	0	5	-0.45918468	-0.057398085
6	0	2	-0.1780442	-0.022255525
1	0	5	-0.11049814	-0.018416357
2	0	2	-0.35960743	-0.089901857
5	0	3	0.08281598	0.010351998
5	0	3	0.29895615	0.037369519
2	0	6	-0.44223134	-0.055278917
5	0	3	-0.3255699	-0.040696237
4	0	3	-1.18548022	-0.169354317
7	0	1	-0.23097167	-0.028871459
4	0	4	0.2966116	0.03707645
5	0	3	-0.47094579	-0.058868224
1	0	7	0.01458737	0.001823421
4	0	4	-0.19825888	-0.02478236
4	0	4	-0.19375167	-0.024218959
6	0	2	-0.35236509	-0.044045636
3	0	5	-0.75750033	-0.094687541
3	0	5	0.051334	0.00641675
2	0	5	0.00288965	0.000412807
5	0	3	0.00869336	0.00108667
4	0	4	0.09363019	0.011703774
4	0	4	-0.57737394	-0.072171742
3	0	5	-0.96831266	-0.121039083
1	0	5	0.06710082	0.01118347
5	0	3	-0.10645949	-0.013307436
4	0	4	-0.45837645	-0.057297056
6	0	2	-0.51488482	-0.064360602
5	0	3	-0.09355323	-0.011694154
4	0	4	-0.39359743	-0.049199679
4	0	2	0.03820572	0.00636762
2	0	1	-0.38573218	-0.128577393
1	0	4	-0.31818528	-0.063637056
3	0	5	0.25666334	0.032082917
2	0	4	0.34105205	0.056842008
5	0	3	-0.22425021	-0.028031276
5	0	3	-0.37383625	-0.046729531
3	0	3	-0.37076065	-0.061793442
5	0	3	-0.00085923	-0.000107404
1	0	7	0.70633838	0.088292298
6	0	2	-0.11204359	-0.014005449
2	0	6	-0.65081712	-0.08135214
3	0	5	-0.04899375	-0.006124219
4	0	4	-0.57324281	-0.071655351
6	0	2	-0.01445442	-0.001806803
5	0	3	-0.10632253	-0.013290316
5	0	3	-0.01493514	-0.001866892
1	0	3	-0.46276252	-0.11569063
6	0	2	-0.30192762	-0.037740953
3	0	5	-0.60111514	-0.075139393
5	0	3	-0.46004292	-0.057505365
3	0	1	0.02262409	0.005656023
2	0	6	-0.04073004	-0.005091255
2	0	6	-0.59241347	-0.074051684
4	0	2	-0.59317512	-0.09886252
4	0	4	-0.41294633	-0.051618291
3	0	3	-0.49442958	-0.08240493
2	0	4	-0.33060752	-0.055101253
3	0	5	-0.38711112	-0.04838889
4	0	2	-0.03973739	-0.006622898
3	0	4	-0.54968097	-0.078525853
6	0	2	-0.01732072	-0.00216509
3	0	5	0.01684286	0.002105357
2	0	1	0.34041173	0.113470577
2	0	3	0.10198607	0.020397214
3	0	5	0.03544112	0.00443014
3	0	5	0.15670809	0.019588511
2	0	6	-0.12710054	-0.015887567
6	0	2	-0.14276744	-0.01784593
4	0	4	-0.6833463	-0.085418288
7	0	1	0.1324606	0.016557575
1	0	7	-0.01048922	-0.001311153
4	0	3	-0.72270329	-0.103243327
2	0	4	-0.40157011	-0.066928352
2	0	5	-0.8876549	-0.126807843
4	0	4	-0.27326556	-0.034158195
4	0	4	-0.06106309	-0.007632886
4	0	3	-0.24568644	-0.035098063
5	0	2	0.35688237	0.050983196
2	0	3	-0.5955162	-0.11910324
3	0	3	-0.00159514	-0.000265857
3	0	5	-0.30845386	-0.038556733
3	0	5	-0.09509423	-0.011886779
3	0	5	-0.17504465	-0.021880581
3	0	5	-0.71397018	-0.089246273
3	0	5	-0.01384795	-0.001730994
3	0	5	-0.41589722	-0.051987153
1	0	7	-0.12957629	-0.016197036
2	0	5	-0.53129771	-0.075899673
4	0	4	-0.18954995	-0.023693744
2	0	6	-0.57854864	-0.07231858
3	0	5	-0.39185964	-0.048982455
4	0	3	0.31893345	0.045561921
2	0	4	-0.51417262	-0.085695437
3	0	5	-0.37466474	-0.046833093
5	0	3	0.14212105	0.017765131
4	0	2	-0.12912067	-0.021520112
2	0	1	-0.0449744	-0.014991467
1	0	5	-0.1665298	-0.027754967
3	0	5	-0.17744095	-0.022180119
1	0	7	-0.15913661	-0.019892076
2	0	4	-0.39319989	-0.065533315
4	0	4	-0.22256363	-0.027820454
3	0	2	-0.49461377	-0.098922754
4	0	4	0.02417281	0.003021601
5	0	3	-0.2541427	-0.031767838
7	0	1	1.42327194	0.177908993
3	0	5	-0.42400058	-0.053000073
3	0	2	-0.28423641	-0.056847282
4	0	4	0.0173283	0.002166037
6	0	1	0.03191849	0.004559784
4	0	3	-0.63536659	-0.090766656
5	0	3	-0.36870925	-0.046088656
6	0	2	0.05950772	0.007438465
6	0	2	-0.21660105	-0.027075131
2	0	6	-0.0610845	-0.007635562
3	0	5	-0.36043465	-0.045054331
2	0	6	-0.21657184	-0.02707148
2	0	6	-0.13040408	-0.01630051
5	0	2	0.17441672	0.024916674
4	0	3	-0.56435668	-0.080622383
3	0	5	-0.12866425	-0.016083031
4	0	4	-0.96893588	-0.121116985
4	0	4	-0.47245175	-0.059056469
4	0	3	-0.17315606	-0.02473658
3	0	5	-0.27587997	-0.034484996
3	0	1	0.07452095	0.018630237
4	0	3	-0.1374266	-0.019632371
4	0	4	-0.25141977	-0.031427471
7	0	1	-0.15293555	-0.019116944
4	0	4	-0.27086028	-0.033857535
5	0	1	-0.08794227	-0.014657045
4	0	3	-0.5193068	-0.074186686
5	0	3	-0.42002356	-0.052502945
4	0	3	-0.48785122	-0.069693031
2	0	4	0.0504196	0.008403267
5	0	3	0.387974	0.04849675
2	0	6	-0.64178124	-0.080222655
3	0	4	-0.62530763	-0.089329661
5	0	3	0.03406767	0.004258459
6	0	2	-0.28053667	-0.035067084
2	0	5	-0.31670708	-0.045243869
5	0	2	-0.24531471	-0.035044959
4	0	4	-0.13290261	-0.016612826
6	0	2	-0.00319256	-0.00039907
3	0	3	-0.39557437	-0.065929062
4	0	4	-0.12376071	-0.015470089
2	0	5	-0.35469287	-0.05067041
4	0	3	-0.75431955	-0.107759936
4	0	4	0.42739831	0.053424789
2	0	4	-0.08259456	-0.01376576
3	0	5	-0.43819068	-0.054773835
6	0	2	-0.02127638	-0.002659548
3	0	4	-0.67513911	-0.096448444
3	0	3	-0.47743058	-0.079571763
4	0	4	-0.00976803	-0.001221004
1	0	5	-0.08882748	-0.01480458
3	0	5	-0.1747751	-0.021846888
1	0	3	-0.06590094	-0.016475235
1	0	5	-0.24663284	-0.041105473
3	0	5	-0.48080041	-0.060100051
6	0	2	-0.26019514	-0.032524393
1	0	6	-0.45719716	-0.06531388
5	0	3	-0.07221369	-0.009026711
1	0	7	0.07867582	0.009834477
3	0	5	-0.03619417	-0.004524271
5	0	3	-0.45934425	-0.057418031
5	0	3	-0.3799447	-0.047493088
4	0	4	-0.20499479	-0.025624349
2	0	3	-0.24402931	-0.048805862
5	0	3	-0.5324112	-0.0665514
3	0	4	-0.33321762	-0.047602517
4	0	4	-0.01640814	-0.002051018
5	0	3	-0.05879335	-0.007349169
2	0	4	-0.08188939	-0.013648232
4	0	3	0.01015678	0.001450969
5	0	1	-0.16605567	-0.027675945
1	0	7	-0.08850349	-0.011062936
5	0	3	-0.09717325	-0.012146656
3	0	4	-0.159021	-0.022717286
4	0	4	-0.14659662	-0.018324578
3	0	2	-0.16773553	-0.033547106
3	0	1	-0.18508784	-0.04627196
1	0	1	-0.05629327	-0.028146635
6	0	2	0.04325327	0.005406659
6	0	2	0.22311813	0.027889766
7	0	1	-0.04944727	-0.006180909
4	0	2	0.18400111	0.030666852
2	0	5	-0.83897809	-0.119854013
5	0	3	-0.66124902	-0.082656127
2	0	2	-0.1629192	-0.0407298
1	0	5	-0.23748515	-0.039580858
3	0	5	0.07269582	0.009086977
3	0	5	-0.82886822	-0.103608528
5	0	3	-0.52020248	-0.06502531
3	0	4	-0.30975397	-0.044250567
4	0	4	0.155084	0.0193855
4	0	4	-0.26959227	-0.033699034
3	0	3	-0.20873722	-0.034789537
4	0	2	-0.60291905	-0.100486508
5	0	3	-0.35247644	-0.044059555
5	0	3	-0.31356598	-0.039195747
3	0	2	0.33524254	0.067048508
4	0	3	-0.214853	-0.030693286
6	0	2	-0.41077261	-0.051346576
1	0	6	-0.78095322	-0.111564746
3	0	5	-0.5787882	-0.072348525
5	0	1	-0.21189601	-0.035316002
4	0	4	-0.29214892	-0.036518615
5	0	3	-0.40031376	-0.05003922
3	0	5	-0.71097466	-0.088871833
3	0	5	-0.65774898	-0.082218623
4	0	1	-0.19535388	-0.039070776
4	0	1	-0.16161119	-0.032322238
3	0	5	-0.03041483	-0.003801854
4	0	4	-0.66813936	-0.08351742
5	0	3	-0.20993466	-0.026241833
2	0	6	-0.1822492	-0.02278115
7	0	1	-0.0342113	-0.004276412
4	0	2	0.05010426	0.00835071
2	0	6	0.39718029	0.049647536
3	0	4	-0.43330649	-0.061900927
3	0	5	-0.13017899	-0.016272374
6	0	2	-0.11458511	-0.014323139
3	0	4	-0.60018979	-0.085741399
2	0	5	-0.30584038	-0.043691483
2	0	6	-0.59856702	-0.074820878
3	0	1	-0.00072131	-0.000180327
5	0	3	0.09120566	0.011400708
1	0	7	-0.12759566	-0.015949458
6	0	2	0.18603638	0.023254547
4	0	4	-0.20483399	-0.025604249
2	0	3	-0.37087822	-0.074175644
3	0	5	-0.17448123	-0.021810154
4	0	1	-0.1534117	-0.03068234
3	0	5	0.03509081	0.004386351
3	0	2	0.12560092	0.025120184
5	0	3	-0.34361828	-0.042952285
5	0	3	-0.51409977	-0.064262471
1	0	5	-0.25404025	-0.042340042
6	0	2	-0.19561618	-0.024452023
5	0	3	0.19575024	0.02446878
5	0	1	-0.05433147	-0.009055245
4	0	4	0.06763521	0.008454401
3	0	5	-0.41654031	-0.052067539
7	0	1	-0.05527603	-0.006909504
4	0	4	-0.69059768	-0.08632471
4	0	2	0.14888475	0.024814125
3	0	5	-0.32974263	-0.041217829
3	0	5	-0.22362107	-0.027952634
2	0	6	-0.19861862	-0.024827328
6	0	2	-0.66629938	-0.083287422
3	0	3	-0.83864815	-0.139774692
6	0	2	-0.3401134	-0.042514175
6	0	2	-0.20385859	-0.025482324
2	0	6	-0.0982837	-0.012285462
5	0	3	0.01464638	0.001830798
6	0	2	0.30681467	0.038351834
2	0	6	-0.33849767	-0.042312209
5	0	3	-0.02583466	-0.003229332
3	0	5	0.22827954	0.028534942
3	0	5	-0.11855098	-0.014818873
5	0	3	-0.94297261	-0.117871576
4	0	4	-0.52531002	-0.065663752
3	0	4	-0.17932256	-0.025617509
5	0	3	-0.06512654	-0.008140817
4	0	4	-0.39131116	-0.048913895
5	0	3	-0.69699105	-0.087123881
5	0	3	-0.30349387	-0.037936734
2	0	6	0.04084341	0.005105426
5	0	3	-0.25545385	-0.031931731
5	0	3	-0.3172776	-0.0396597
4	0	3	-0.03187361	-0.004553373
7	0	1	-0.22449855	-0.028062319
5	0	3	-0.19801012	-0.024751265
5	0	3	-0.08280985	-0.010351231
5	0	3	0.00977724	0.001222155
5	0	2	0.41520046	0.059314351
4	0	4	-0.1900981	-0.023762262
3	0	5	-0.03644208	-0.00455526
3	0	1	-0.27660797	-0.069151993
1	0	6	-0.30066911	-0.04295273
3	0	5	-0.45387747	-0.056734684
3	0	5	0.07276562	0.009095702
2	0	6	0.0137014	0.001712675
4	0	3	0.01706498	0.002437854
4	0	3	0.32284377	0.046120539
4	0	2	0.16710033	0.027850055
5	0	1	0.01621122	0.00270187
2	0	3	-0.16426388	-0.032852776
2	0	2	0.36822424	0.09205606
3	0	5	-0.06242022	-0.007802527
3	0	4	-0.32005208	-0.045721726
4	0	4	0.48318779	0.060398474
1	0	2	-0.01216521	-0.00405507
5	0	2	-0.20903625	-0.029862321
4	0	2	-0.31774712	-0.052957853
5	0	3	-0.03894968	-0.00486871
4	0	4	-0.12485077	-0.015606346
5	0	3	-0.13318245	-0.016647806
3	0	5	0.04045802	0.005057252
4	0	2	-0.04829725	-0.008049542
4	0	4	-0.10135626	-0.012669533
1	0	6	-0.30817299	-0.044024713
3	0	5	0.07452145	0.009315181
2	0	3	-0.616697	-0.1233394
2	0	6	0.16888038	0.021110048
4	0	4	-0.07369283	-0.009211604
3	0	5	-0.30547945	-0.038184931
5	0	3	-0.11089571	-0.013861964
1	0	6	-0.31930543	-0.045615061
3	0	5	-0.46169672	-0.05771209
4	0	4	-0.11860718	-0.014825897
6	0	2	-0.61313744	-0.07664218
6	0	1	-0.15122777	-0.021603967
2	0	4	-0.12668949	-0.021114915
4	0	4	-0.50504477	-0.063130596
4	0	4	-0.01103428	-0.001379285
4	0	3	-0.22386962	-0.031981374
3	0	5	-0.56818334	-0.071022918
4	0	4	-0.39926535	-0.049908169
3	0	5	0.05820079	0.007275099
4	0	4	0.0040638	0.000507975
5	0	3	-0.51290385	-0.064112981
3	0	4	-0.29623999	-0.042319999
2	0	5	-0.40672029	-0.058102899
4	0	4	-0.165624	-0.020703
2	0	5	0.05783602	0.008262289
2	0	6	-0.17887893	-0.022359866
7	0	1	-0.22904049	-0.028630061
2	0	6	-0.0260897	-0.003261212
1	0	5	-0.19035673	-0.031726122
3	0	5	0.27761381	0.034701726
3	0	5	-0.22102483	-0.027628104
3	0	3	-0.05718101	-0.009530168
3	0	5	0.18601649	0.023252061
2	0	6	0.21073985	0.026342481
6	0	2	-0.20855408	-0.02606926
3	0	4	-0.55145966	-0.078779951
2	0	5	-0.52441608	-0.074916583
2	0	2	-0.7516106	-0.18790265
2	0	4	-0.10463709	-0.017439515
2	0	5	-0.71692594	-0.102417991
4	0	2	-0.36678357	-0.061130595
2	0	5	-0.64872106	-0.092674437
4	0	3	-0.28307395	-0.040439136
5	0	3	-0.12803224	-0.01600403
5	0	2	-0.03048505	-0.004355007
5	0	3	-0.42877227	-0.053596534
1	0	2	-0.5028771	-0.1676257
2	0	6	-0.308131	-0.038516375
6	0	1	-0.34530081	-0.049328687
7	0	1	-0.31402891	-0.039253614
5	0	3	-0.15487141	-0.019358926
2	0	6	-0.28463219	-0.035579024
2	0	5	-0.27478417	-0.039254881
2	0	4	-0.41071861	-0.068453102
4	0	2	-0.18728377	-0.031213962
1	0	7	-0.30175236	-0.037719045
2	0	6	-0.41909957	-0.052387446
6	0	2	-0.19579605	-0.024474506
3	0	5	-0.3994804	-0.04993505
5	0	3	0.30438036	0.038047545
3	0	5	-1.08006435	-0.135008044
2	0	6	0.20033427	0.025041784
4	0	4	-0.51822538	-0.064778173
5	0	3	-0.70274907	-0.087843634
1	0	7	-0.33436534	-0.041795668
4	0	2	-0.43317223	-0.072195372
4	0	4	-0.44836523	-0.056045654
5	0	3	0.70129914	0.087662392
7	0	1	0.11506211	0.014382764
3	0	4	-0.70909742	-0.101299631
1	0	4	0.06025165	0.01205033
2	0	3	-0.00844419	-0.001688838
3	0	5	-0.97191182	-0.121488978
4	0	4	0.59824729	0.074780911
3	0	2	-0.03986756	-0.007973512
3	0	4	-0.32094865	-0.045849807
5	0	2	-0.59729529	-0.085327899
2	0	6	-0.8348339	-0.104354237
5	0	2	-0.28077938	-0.04011134
5	0	3	-0.19543558	-0.024429447
4	0	4	-0.20649406	-0.025811758
1	0	7	-0.24446222	-0.030557777
3	0	5	-0.2845069	-0.035563363
5	0	2	-0.68215053	-0.097450076
6	0	2	-0.26397617	-0.032997021
5	0	3	0.17036777	0.021295971
2	0	6	0.24840578	0.031050723
4	0	4	-0.05820141	-0.007275176
5	0	3	-0.27444407	-0.034305509
4	0	4	-0.40493235	-0.050616544
6	0	2	-0.02199637	-0.002749546
2	0	3	-0.58765505	-0.11753101
3	0	5	-0.56208524	-0.070260655
2	0	6	-0.08349444	-0.010436805
5	0	2	-0.34620437	-0.049457767
2	0	3	0.11518511	0.023037022
1	0	3	-0.07284707	-0.018211767
2	0	6	-0.20770711	-0.025963389
3	0	3	-0.19237546	-0.032062577
4	0	4	-0.0073021	-0.000912763
1	0	3	-0.26536749	-0.066341873
1	0	5	-0.30853026	-0.05142171
1	0	7	-0.32799454	-0.040999318
4	0	4	-0.24373744	-0.03046718
5	0	3	0.28155228	0.035194035
3	0	3	0.02619794	0.004366323
3	0	4	-0.31471756	-0.044959651
3	0	5	-0.00560923	-0.000701154
2	0	4	-0.19052998	-0.031754997
4	0	3	-0.50192639	-0.07170377
4	0	4	-0.39268052	-0.049085065
2	0	5	-0.49477402	-0.070682003
4	0	2	-0.07661275	-0.012768792
3	0	4	-0.56907745	-0.081296779
4	0	2	-0.27075879	-0.045126465
3	0	4	-0.74389494	-0.106270706
4	0	4	-0.19849513	-0.024811891
4	0	4	-0.871417	-0.108927125
1	0	6	-0.39602418	-0.056574883
6	0	2	-0.36686003	-0.045857504
4	0	3	-0.2625874	-0.037512486
3	0	5	-0.17271166	-0.021588958
2	0	2	0.03325202	0.008313005
5	0	2	-0.31666603	-0.045238004
3	0	4	0.17907467	0.025582096
4	0	2	0.04726977	0.007878295
4	0	4	-0.01572461	-0.001965576
2	0	6	-0.45064434	-0.056330543
4	0	4	0.00671817	0.000839771
3	0	3	-0.16243501	-0.027072502
1	0	3	-0.14359631	-0.035899078
1	0	4	-0.43451267	-0.086902534
2	0	5	-0.50986194	-0.07283742
5	0	3	0.13941212	0.017426515
1	0	7	-0.4259037	-0.053237963
6	0	2	-0.28026169	-0.035032711
4	0	4	-0.5206659	-0.065083238
3	0	5	0.20959911	0.026199889
1	0	7	-0.24580495	-0.030725619
6	0	2	0.03287834	0.004109793
5	0	3	0.06856696	0.00857087
4	0	4	-0.06437814	-0.008047268
4	0	4	-0.56610282	-0.070762853
4	0	4	0.03376745	0.004220931
4	0	3	0.29964379	0.042806256
3	0	5	-0.07658928	-0.00957366
2	0	5	-0.63785045	-0.091121493
4	0	4	0.13383907	0.016729884
4	0	4	-0.38163906	-0.047704883
5	0	1	0.20934201	0.034890335
3	0	4	-0.87078402	-0.124397717
0	5	3	0.69334969	0.086668711
0	4	1	0.33860037	0.067720074
0	4	4	0.69132374	0.086415467
0	6	2	0.24582288	0.03072786
0	1	6	0.68111817	0.097302596
0	3	3	0.0271077	0.00451795
0	5	1	0.28644699	0.047741165
0	3	1	0.03069631	0.007674078
0	4	4	1.03926826	0.129908533
0	6	1	0.26638123	0.038054461
0	5	1	0.18354001	0.030590002
0	4	2	0.63318344	0.105530573
0	3	5	0.8159562	0.101994525
0	4	3	0.85663276	0.122376109
0	5	3	0.82689162	0.103361452
0	5	3	1.2616352	0.1577044
0	4	3	1.12972385	0.161389121
0	3	5	1.76709662	0.220887078
0	3	5	1.44527061	0.180658826
0	4	4	1.22399934	0.152999918
0	2	6	0.66713146	0.083391433
0	6	2	0.94120176	0.11765022
0	4	4	1.13007631	0.141259539
0	5	3	0.59562691	0.074453364
0	2	6	1.31963759	0.164954699
0	3	5	0.68151145	0.085188931
0	3	4	0.20845887	0.029779839
0	3	5	1.54790636	0.193488295
0	5	3	1.09236942	0.136546177
0	2	2	0.3982983	0.099574575
0	6	1	0.45133282	0.064476117
0	1	7	0.7198876	0.08998595
0	3	4	0.8628342	0.123262029
0	4	4	1.50326712	0.18790839
0	1	5	0.76792098	0.12798683
0	4	4	1.28459729	0.160574661
0	5	3	1.52462318	0.190577898
0	3	4	0.88093508	0.125847869
0	4	4	0.99927289	0.124909111
0	7	1	0.07999504	0.00999938
0	6	2	0.46838333	0.058547916
0	2	4	0.43731799	0.072886332
0	6	2	0.78914137	0.098642671
0	4	4	1.18744712	0.14843089
0	3	5	1.44780427	0.180975534
0	3	1	0.56309613	0.140774033
0	2	4	1.27989845	0.213316408
0	3	5	1.99868275	0.249835344
0	3	5	0.83540934	0.104426168
0	1	5	0.66877321	0.111462202
0	1	5	0.3954044	0.065900733
0	4	4	0.37061768	0.04632721
0	2	6	1.32577915	0.165722394
0	6	2	0.91496172	0.114370215
0	4	2	1.04482203	0.174137005
0	5	3	0.77704127	0.097130159
0	4	2	0.0857841	0.01429735
0	2	6	0.69402728	0.08675341
0	3	5	0.99891452	0.124864315
0	5	3	1.03371651	0.129214564
0	4	3	0.6388862	0.091269457
0	1	5	0.69038399	0.115063998
0	5	1	0.26793331	0.044655552
0	2	6	1.49741671	0.187177089
0	5	3	0.85902854	0.107378567
0	3	5	1.1033343	0.137916788
0	2	1	0.52471473	0.17490491
0	1	1	0.21602141	0.108010705
0	2	3	1.0409028	0.20818056
0	5	3	0.6962539	0.087031738
0	5	1	0.31775887	0.052959812
0	4	4	1.52973911	0.191217389
0	2	6	0.80099363	0.100124204
0	5	2	0.43982865	0.062832664
0	3	5	1.2486561	0.156082013
0	4	4	0.30665875	0.038332344
0	5	2	-0.4897905	-0.069970071
0	1	7	0.64188682	0.080235852
0	2	4	1.17546806	0.195911343
0	1	7	0.81056043	0.101320054
0	5	2	-0.34321484	-0.049030691
0	5	3	0.93926772	0.117408465
0	2	3	0.72773567	0.145547134
0	3	5	1.41074445	0.176343056
0	5	3	1.22033518	0.152541898
0	5	3	1.18299616	0.14787452
0	4	3	-0.59873753	-0.085533933
0	4	2	0.25547592	0.04257932
0	4	4	0.81757123	0.102196404
0	2	6	1.01350059	0.126687574
0	5	3	1.43788247	0.179735309
0	4	3	0.39787475	0.05683925
0	3	5	0.65609205	0.082011506
0	3	3	1.11678882	0.18613147
0	4	2	0.43256761	0.072094602
0	2	3	0.54191909	0.108383818
0	2	6	1.23939266	0.154924083
0	6	2	0.49370359	0.061712949
0	4	4	0.34140224	0.04267528
0	4	3	0.92026492	0.131466417
0	2	6	0.03316704	0.00414588
0	3	4	0.64395445	0.091993493
0	6	1	-0.50509337	-0.072156196
0	5	3	0.92264857	0.115331071
0	4	4	1.50711221	0.188389026
0	2	5	1.02518277	0.146454681
0	3	5	0.81384434	0.101730543
0	2	5	-0.62116687	-0.088738124
0	7	1	0.03654934	0.004568668
0	6	2	0.41437554	0.051796943
0	3	5	1.00738723	0.125923404
0	5	2	0.17549031	0.025070044
0	5	3	1.58206087	0.197757609
0	3	4	1.73185126	0.247407323
0	3	4	0.90616238	0.129451769
0	2	5	1.05522559	0.150746513
0	4	4	1.35830847	0.169788559
0	5	3	0.60007595	0.075009494
0	3	4	0.42610117	0.060871596
0	6	2	0.45484965	0.056856206
0	3	5	0.7831273	0.097890913
0	4	4	0.72427031	0.090533789
0	3	5	1.00006357	0.125007946
0	5	3	1.05272309	0.131590386
0	2	6	0.97920819	0.122401024
0	4	1	0.33598998	0.067197996
0	3	3	0.68718127	0.114530212
0	3	3	0.27615603	0.046026005
0	6	2	0.68268616	0.08533577
0	4	4	0.91371188	0.114213985
0	6	1	0.21568703	0.030812433
0	2	6	0.89365778	0.111707222
0	4	4	1.15104295	0.143880369
0	4	4	1.31192075	0.163990094
0	3	2	1.0550457	0.21100914
0	2	6	1.33854086	0.167317608
0	6	1	0.09152421	0.013074887
0	1	5	0.58381162	0.097301937
0	3	3	0.69066488	0.115110813
0	2	6	0.97326504	0.12165813
0	4	4	1.34544875	0.168181094
0	4	4	0.77807278	0.097259098
0	4	2	0.65668051	0.109446752
0	3	2	0.78910924	0.157821848
0	4	4	1.51937403	0.189921754
0	2	5	1.1215047	0.160214957
0	4	4	1.39401249	0.174251561
0	1	4	0.50198549	0.100397098
0	5	1	0.26857334	0.044762223
0	4	3	0.3267625	0.046680357
0	4	2	0.59062827	0.098438045
0	3	5	1.16371007	0.145463759
0	2	4	1.01511689	0.169186148
0	5	3	0.56753803	0.070942254
0	5	3	0.84559362	0.105699203
0	3	5	1.94031784	0.24253973
0	6	2	0.54536368	0.06817046
0	3	5	0.97687472	0.12210934
0	3	5	-0.00824642	-0.001030802
0	1	7	0.34725548	0.043406935
0	5	3	0.38834652	0.048543315
0	4	4	1.00690218	0.125862773
0	2	6	0.8637916	0.10797395
0	1	6	0.65315251	0.093307501
0	3	5	1.5485631	0.193570388
0	2	5	1.11831374	0.159759106
0	1	6	0.1896467	0.027092386
0	7	1	0.23604029	0.029505036
0	3	5	0.20160613	0.025200766
0	0	1	0	0
0	4	4	0.8336615	0.104207688
0	3	4	1.35424412	0.193463446
0	2	6	0.43780852	0.054726065
0	4	4	1.3672383	0.170904788
0	5	3	0.64069725	0.080087156
0	4	4	0.22694283	0.028367854
0	3	4	1.00241672	0.143202389
0	1	7	0.49210775	0.061513469
0	2	6	1.16002517	0.145003146
0	5	3	0.90993603	0.113742004
0	7	1	0.35892673	0.044865841
0	5	2	1.10659568	0.158085097
0	5	3	0.64721523	0.080901904
0	7	1	0.34483349	0.043104186
0	4	4	0.06997146	0.008746433
0	5	3	0.81321536	0.10165192
0	4	4	0.51708861	0.064636076
0	2	4	1.41157151	0.235261918
0	2	5	0.87526668	0.125038097
0	3	5	1.14164216	0.14270527
0	7	1	0.28464848	0.03558106
0	1	2	0.54307293	0.18102431
0	1	6	0.50953601	0.072790859
0	1	5	0.84056135	0.140093558
0	4	4	1.84219088	0.23027386
0	5	3	0.21763013	0.027203766
0	3	2	0.17158986	0.034317972
0	2	5	1.14577009	0.163681441
0	3	5	1.34423211	0.168029014
0	4	2	1.0187085	0.16978475
0	3	4	0.76648917	0.109498453
0	2	6	1.17757367	0.147196709
0	6	2	1.07789919	0.134737399
0	2	4	1.05240914	0.175401523
0	1	3	0.90280882	0.225702205
0	1	5	0.7968241	0.132804017
0	4	3	-0.20907655	-0.029868079
0	3	5	1.07578162	0.134472703
0	4	4	0.84129459	0.105161824
0	5	3	0.70436548	0.088045685
0	5	3	1.1149554	0.139369425
0	5	3	0.61515193	0.076893991
0	4	3	1.17762909	0.168232727
0	3	5	1.55903863	0.194879829
0	2	4	1.04562674	0.174271123
0	5	3	0.34608167	0.043260209
0	4	4	0.65251913	0.081564891
0	6	2	0.03021799	0.003777249
0	5	1	0.03659532	0.00609922
0	5	3	0.71012461	0.088765576
0	4	4	1.2020225	0.150252813
0	1	3	0.4518971	0.112974275
0	1	3	0.87834727	0.219586817
0	4	3	0.32829598	0.046899426
0	1	7	1.07386675	0.134233344
0	1	4	0.42427076	0.084854152
0	6	2	0.93113567	0.116391959
0	3	2	0.69036432	0.138072864
0	3	5	0.41938217	0.052422771
0	2	6	0.62237078	0.077796347
0	5	2	0.77541391	0.110773416
0	1	4	0.30385876	0.060771752
0	2	6	1.35288801	0.169111001
0	3	5	1.264732	0.1580915
0	1	7	1.10163053	0.137703816
0	5	2	0.49859836	0.071228337
0	6	2	0.03986423	0.004983029
0	7	1	0.25400675	0.031750844
0	5	2	0.94677666	0.135253809
0	5	2	0.0601005	0.008585786
0	6	2	0.7659645	0.095745563
0	5	3	0.48728536	0.06091067
0	1	5	0.45080594	0.075134323
0	3	5	1.19090202	0.148862753
0	2	6	1.49920167	0.187400209
0	3	5	1.43706834	0.179633543
0	3	5	1.40379096	0.17547387
0	2	3	1.11429637	0.222859274
0	1	5	0.19853167	0.033088612
0	2	4	0.90558033	0.150930055
0	4	3	0.91711728	0.131016754
0	5	3	0.99761219	0.124701524
0	3	1	0.28570229	0.071425573
0	3	5	0.5051674	0.063145925
0	5	2	0.7364661	0.105209443
0	5	3	1.216333	0.152041625
0	3	5	0.82238081	0.102797601
0	2	6	0.98633603	0.123292004
0	4	4	0.47511391	0.059389239
0	3	4	-0.39917429	-0.057024899
0	5	2	0.76318906	0.109027009
0	4	4	1.64387562	0.205484453
0	3	4	1.19283047	0.170404353
0	2	6	1.42662455	0.178328069
0	5	3	0.80026316	0.100032895
0	4	4	1.38850223	0.173562779
0	4	4	0.52881904	0.06610238
0	5	2	0.99081875	0.141545536
0	5	3	1.03213767	0.129017209
0	5	2	0.24938368	0.03562624
0	2	2	0.37842512	0.09460628
0	3	5	1.6166821	0.202085263
0	2	6	0.45366236	0.056707795
0	2	6	1.13592984	0.14199123
0	3	4	1.31575422	0.187964889
0	5	3	1.46009471	0.182511839
0	5	3	0.79648587	0.099560734
0	3	5	1.63503503	0.204379379
0	2	6	1.05636924	0.132046155
0	4	4	1.19643557	0.149554446
0	4	4	1.21599941	0.151999926
0	3	3	0.53128345	0.088547242
0	5	3	0.87386075	0.109232594
0	1	0	0	0
0	4	4	-0.02280419	-0.002850524
0	2	6	0.75588919	0.094486149
0	2	4	1.2165587	0.202759783
0	4	4	0.47145622	0.058932028
0	3	5	1.80239102	0.225298878
0	2	4	0.4656483	0.07760805
0	6	2	0.11612773	0.014515966
0	4	4	1.26670525	0.158338156
0	3	1	0.47459564	0.11864891
0	5	3	0.47209563	0.059011954
0	2	6	1.00218347	0.125272934
0	6	2	0.24528966	0.030661208
0	2	5	1.0299675	0.147138214
0	4	3	1.27445172	0.182064531
0	7	1	0.08416889	0.010521111
0	3	5	0.82834401	0.103543001
0	5	3	1.16941732	0.146177165
0	3	2	0.71788732	0.143577464
0	2	1	0.03010008	0.01003336
0	3	2	0.46189321	0.092378642
0	4	4	1.36286396	0.170357995
0	4	2	1.08042917	0.180071528
0	1	7	0.3484551	0.043556887
0	3	5	1.5643735	0.195546688
0	2	4	0.58949051	0.098248418
0	4	3	0.47243611	0.067490873
0	3	3	0.28685783	0.047809638
0	3	5	0.68247248	0.08530906
0	4	4	1.00139516	0.125174395
0	4	4	1.46573241	0.183216551
0	4	4	1.18589396	0.148236745
0	3	5	0.87025198	0.108781497
0	3	5	0.86232885	0.107791106
0	6	2	0.82512588	0.103140735
0	3	5	0.95685567	0.119606959
0	3	5	1.36571565	0.170714456
0	6	2	0.79935085	0.099918856
0	4	4	1.59651579	0.199564474
0	4	4	1.02431699	0.128039624
0	4	2	0.79557022	0.132595037
0	5	2	0.44820059	0.064028656
0	1	6	-0.46316209	-0.066166013
0	1	5	0.8665835	0.144430583
0	4	3	1.67294961	0.238992801
0	3	3	0.63651339	0.106085565
0	2	4	0.50017712	0.083362853
0	6	2	1.08180064	0.13522508
0	5	3	1.23214452	0.154018065
0	6	2	0.33398845	0.041748556
0	2	3	0.6026381	0.12052762
0	4	2	0.61573049	0.102621748
0	4	3	0.88693151	0.126704501
0	2	2	0.05625828	0.01406457
0	4	3	0.287036	0.041005143
0	7	1	0.36323239	0.045404049
0	6	2	0.80976255	0.101220319
0	2	6	0.56973175	0.071216469
0	5	3	0.3024509	0.037806362
0	4	4	1.65991586	0.207489483
0	4	4	1.5436048	0.1929506
0	5	3	1.26354153	0.157942691
0	5	3	1.29137489	0.161421861
0	2	4	1.04616009	0.174360015
0	4	3	0.90503632	0.129290903
0	4	2	0.08124332	0.013540553
0	6	2	0.65291461	0.081614326
0	5	3	0.71975473	0.089969341
0	4	3	1.33016659	0.190023799
0	6	2	0.64776047	0.080970059
0	3	5	0.69666241	0.087082801
0	4	4	1.43259078	0.179073848
0	3	5	1.74742728	0.21842841
0	4	3	-0.55309442	-0.079013489
0	5	3	1.33247091	0.166558864
0	1	7	0.64512485	0.080640606
0	1	3	0.49982987	0.124957467
0	3	3	1.00113323	0.166855538
0	5	3	0.85859383	0.107324229
0	5	3	1.07466942	0.134333678
0	4	4	1.61685586	0.202106982
0	4	4	0.80187882	0.100234853
0	4	4	1.03148291	0.128935364
0	6	2	0.72336119	0.090420149
0	3	5	1.01474929	0.126843661
0	4	4	1.20968447	0.151210559
0	3	5	0.20864316	0.026080395
0	4	4	1.05564755	0.131955944
0	4	4	0.77812815	0.097266019
0	5	3	0.91588432	0.11448554
0	3	5	1.76245231	0.220306539
0	5	3	0.99318784	0.12414848
0	3	5	1.81434876	0.226793595
0	1	2	0.24229425	0.08076475
0	1	7	0.88546007	0.110682509
0	5	3	1.49627874	0.187034843
0	2	4	0.83580313	0.139300522
0	2	6	0.45369754	0.056712193
0	7	1	0.26908471	0.033635589
0	7	1	0.32491081	0.040613851
0	3	3	1.31703786	0.21950631
0	3	4	-0.64002669	-0.091432384
0	3	5	1.86706783	0.233383479
0	3	5	0.71533811	0.089417264
0	3	5	0.5241745	0.065521813
0	3	4	0.54308217	0.077583167
0	3	4	0.80314344	0.114734777
0	4	4	1.4051614	0.175645175
0	7	1	0.25025377	0.031281721
0	2	6	0.43481804	0.054352255
0	1	7	0.73362732	0.091703415
0	2	4	0.01524169	0.002540282
0	6	2	0.52028447	0.065035559
0	4	4	1.08148247	0.135185309
0	3	3	0.70540538	0.117567563
0	6	2	0.39457357	0.049321696
0	1	6	0.31865906	0.045522723
0	2	6	1.08471285	0.135589106
0	6	2	0.62893244	0.078616555
0	3	5	1.2425247	0.155315588
0	2	2	0.79946684	0.19986671
0	5	2	0.79771676	0.113959537
0	4	3	0.95612152	0.136588789
0	2	3	0.97472312	0.194944624
0	2	5	0.69519751	0.09931393
0	4	1	0.24424009	0.048848018
0	5	3	1.12150192	0.14018774
0	7	1	0.2340263	0.029253288
0	4	4	0.7856157	0.098201963
0	3	5	0.90335349	0.112919186
0	4	4	0.24249007	0.030311259
0	2	5	0.47918103	0.068454433
0	3	5	0.52308427	0.065385534
0	3	5	1.27112319	0.158890399
0	3	2	0.16736711	0.033473422
0	3	5	1.15987553	0.144984441
0	4	4	0.78915929	0.098644911
0	5	3	1.04752446	0.130940558
0	3	5	1.2460968	0.1557621
0	7	1	0.15617722	0.019522153
0	4	4	0.62484147	0.078105184
0	4	4	1.12933731	0.141167164
0	3	3	1.23032396	0.205053993
0	2	6	0.94064588	0.117580735
0	5	2	0.86681233	0.123830333
0	3	4	0.12532321	0.017903316
0	3	5	0.32505248	0.04063156
0	3	5	1.69371275	0.211714094
0	3	3	0.6149118	0.1024853
0	6	2	1.20532546	0.150665683
0	3	4	1.14271706	0.163245294
0	3	5	0.91083738	0.113854673
0	3	5	1.26311749	0.157889686
0	4	4	0.34760589	0.043450736
0	4	4	0.24693737	0.030867171
0	2	4	1.12395968	0.187326613
0	5	3	0.40743615	0.050929519
0	2	4	0.77057843	0.128429738
0	2	4	0.7586799	0.12644665
0	6	2	0.2800793	0.035009913
0	4	4	1.0672211	0.133402638
0	3	5	1.10851581	0.138564476
0	3	5	0.73124747	0.091405934
0	2	6	0.77326577	0.096658221
0	5	3	0.87378579	0.109223224
0	3	5	0.8304548	0.10380685
0	2	4	0.68290299	0.113817165
0	3	3	0.18959635	0.031599392
0	5	3	1.74367424	0.21795928
0	4	4	1.3921679	0.174020988
0	1	2	0.16730909	0.055769697
0	2	2	1.15013468	0.28753367
0	4	2	0.43238706	0.07206451
0	3	5	1.28682794	0.160853493
0	4	4	0.54546704	0.06818338
0	5	3	0.86261991	0.107827489
0	4	3	1.58489459	0.226413513
0	6	2	0.2394651	0.029933138
0	3	4	-0.38353999	-0.054791427
0	5	3	1.28867553	0.161084441
0	5	3	1.28373209	0.160466511
0	3	5	1.233273	0.154159125
0	3	5	0.79139736	0.09892467
0	4	3	1.25228347	0.178897639
0	3	5	1.86388019	0.232985024
0	3	5	1.1589114	0.144863925
0	4	3	0.77240693	0.110343847
0	1	4	0.62789167	0.125578334
0	5	3	-0.03002595	-0.003753244
0	3	4	-0.01355998	-0.00193714
0	5	3	0.26265516	0.032831895
0	4	4	1.29366123	0.161707654
0	4	2	1.03104638	0.171841063
0	4	4	1.66967224	0.20870903
0	1	7	0.43660746	0.054575932
0	2	1	0.52411645	0.174705483
0	2	3	0.39370264	0.078740528
0	2	6	1.41803531	0.177254414
0	3	4	0.97482733	0.139261047
0	5	3	0.68629243	0.085786554
0	6	2	0.7989225	0.099865313
0	6	1	0.38655702	0.055222431
0	5	3	1.43931238	0.179914047
0	5	3	0.84648003	0.105810004
0	4	4	0.58951188	0.073688985
0	4	4	1.16663191	0.145828989
0	4	3	-0.3795479	-0.054221129
0	4	4	1.11447914	0.139309893
0	4	4	0.8084224	0.1010528
0	1	1	0.54595614	0.27297807
0	7	1	0.26206919	0.032758649
0	5	3	0.26486313	0.033107891
0	4	4	1.29338862	0.161673578
0	4	4	1.38406053	0.173007566
0	6	2	0.56096584	0.07012073
0	3	3	1.1100388	0.185006467
0	4	4	0.98078915	0.122598644
0	3	4	1.18064366	0.16866338
0	5	3	0.60848098	0.076060123
0	5	1	0.57304909	0.095508182
0	3	3	0.60753801	0.101256335
0	3	1	0.24482643	0.061206608
0	2	3	0.24164039	0.048328078
0	3	5	0.68074587	0.085093234
0	2	5	0.74301137	0.106144481
0	5	3	1.4322515	0.179031438
0	3	5	1.32821535	0.166026919
0	1	7	0.63553879	0.079442349
0	5	3	0.92790567	0.115988209
0	6	2	0.67518118	0.084397648
0	2	6	0.89602073	0.112002591
0	4	3	1.14071846	0.16295978
0	1	7	0.64906467	0.081133084
0	2	5	0.5600406	0.0800058
0	4	4	0.36418872	0.04552359
0	4	2	0.53476914	0.08912819
0	6	2	0.03156728	0.00394591
0	4	2	0.63950453	0.106584088
0	3	3	1.01829725	0.169716208
0	5	3	1.02717658	0.128397073
0	3	4	1.59297332	0.227567617
0	6	2	0.43590383	0.054487979
0	5	3	0.65236101	0.081545126
0	1	7	0.15174784	0.01896848
0	2	5	0.50164823	0.071664033
0	5	2	-0.60893144	-0.086990206
0	1	7	0.84482621	0.105603276
0	3	4	0.87268872	0.124669817
0	1	3	0.50029223	0.125073057
0	4	2	0.58460509	0.097434182
0	3	3	1.0630219	0.177170317
0	3	2	1.14744943	0.229489886
0	5	3	0.55502267	0.069377834
0	5	1	0.40268753	0.067114588
0	4	4	0.5300278	0.066253475
0	1	7	0.87161493	0.108951866
0	7	1	0.39690542	0.049613178
0	6	2	0.39228348	0.049035435
0	3	5	2.23136431	0.278920539
0	3	5	0.24956753	0.031195941
0	1	7	0.76330945	0.095413681
0	5	2	0.90901447	0.12985921
0	2	5	0.59944583	0.085635119
0	3	5	0.9952592	0.1244074
0	1	7	1.67330464	0.20916308
0	4	4	1.37890448	0.17236306
0	4	4	1.24822786	0.156028483
0	2	6	1.5280088	0.1910011
0	6	2	0.75978535	0.094973169
0	5	3	0.71670045	0.089587556
0	5	3	1.65644295	0.207055369
0	7	1	0.0648498	0.008106225
0	5	1	0.54997292	0.091662153
0	4	4	0.82794499	0.103493124
0	6	2	0.76693776	0.09586722
0	4	4	1.72178119	0.215222649
0	3	3	0.9701402	0.161690033
0	4	4	0.77883084	0.097353855
0	4	4	0.50657094	0.063321368
0	3	2	0.03165279	0.006330558
0	2	3	0.68811355	0.13762271
0	3	5	1.40200211	0.175250264
0	6	2	0.86762786	0.108453483
0	4	4	1.42900673	0.178625841
0	2	6	1.19610006	0.149512507
0	2	6	0.61736567	0.077170709
0	2	5	-0.1947755	-0.027825071
0	2	5	1.05749161	0.15107023
0	5	3	0.72155574	0.090194468
0	3	4	0.62268199	0.08895457
0	4	3	0.62574881	0.089392687
0	3	5	1.33976164	0.167470205
0	5	3	1.28226835	0.160283544
0	3	1	0.28917609	0.072294023
0	4	1	0.09924663	0.019849326
0	5	3	0.8181625	0.102270313
0	5	3	0.53462888	0.06682861
0	2	6	0.41209464	0.05151183
0	2	6	0.62344991	0.077931239
0	4	4	1.3782894	0.172286175
0	5	3	0.19037435	0.023796794
0	3	5	1.23276554	0.154095693
0	5	3	1.17259125	0.146573906
0	6	2	0.82688525	0.103360656
0	5	3	0.39437231	0.049296539
0	4	4	0.88747233	0.110934041
0	3	5	1.43700961	0.179626201
0	5	3	1.44788145	0.180985181
0	2	5	1.17990723	0.168558176
0	3	1	0.39357246	0.098393115
0	4	2	0.16917753	0.028196255
0	7	1	0.34352625	0.042940781
0	6	1	0.27881429	0.039830613
0	1	3	0.8278607	0.206965175
0	1	7	0.62689218	0.078361522
0	5	3	1.67528494	0.209410617
0	4	2	0.85065047	0.141775078
0	4	4	1.19687613	0.149609516
0	5	2	0.51003906	0.072862723
0	7	1	0.13825176	0.01728147
0	4	2	0.50991379	0.084985632
0	7	1	0.34363336	0.04295417
0	2	6	1.19181047	0.148976309
0	1	4	0.66303629	0.132607258
0	3	5	0.81480203	0.101850254
0	2	5	0.48865532	0.069807903
0	5	3	1.54137668	0.192672085
0	5	3	1.3863436	0.17329295
0	4	4	0.76353666	0.095442083
0	3	5	1.66051926	0.207564908
0	3	5	1.03326471	0.129158089
0	1	6	0.66293474	0.094704963
0	6	2	0.51765914	0.064707393
0	2	5	-0.2324138	-0.033201971
0	5	3	0.06324479	0.007905599
0	3	5	1.00136418	0.125170523
0	3	5	1.60248512	0.20031064
0	5	1	0.26225957	0.043709928
0	3	5	1.47750381	0.184687976
0	3	4	1.32298104	0.188997291
0	4	4	1.62738002	0.203422503
0	2	4	0.5972731	0.099545517
0	2	6	0.99648287	0.124560359
0	4	4	1.44113605	0.180142006
0	3	3	1.2455199	0.20758665
0	1	3	0.2110319	0.052757975
3	5	0	0.24065301	0.030081626
4	3	0	0.02313184	0.003304549
2	6	0	0.19834087	0.024792609
3	5	0	0.25591618	0.031989522
5	3	0	-0.08406394	-0.010507993
4	1	0	-0.00233501	-0.000467002
4	4	0	0.09023231	0.011279039
3	5	0	0.05926963	0.007408704
2	6	0	0.21688725	0.027110906
5	3	0	0.06363519	0.007954399
6	1	0	-0.06634954	-0.009478506
3	5	0	0.36246844	0.045308555
2	6	0	0.06045179	0.007556474
5	3	0	0.00724875	0.000906094
5	3	0	0.04512197	0.005640246
5	3	0	0.24011117	0.030013896
6	2	0	-0.12975111	-0.016218889
3	5	0	0.31762372	0.039702965
1	7	0	0.08190956	0.010238695
5	3	0	0.30786341	0.038482926
5	1	0	0.09905178	0.01650863
2	5	0	0.01856891	0.002652701
4	4	0	0.44081902	0.055102378
4	3	0	0.03887515	0.005553593
3	5	0	0.33258824	0.04157353
4	4	0	0.27367975	0.034209969
5	2	0	0.14356724	0.020509606
5	2	0	0.083382	0.011911714
3	5	0	0.32830922	0.041038653
5	3	0	0.0196411	0.002455138
5	2	0	-0.15304068	-0.021862954
2	6	0	0.21376857	0.026721071
4	2	0	0.05539189	0.009231982
6	2	0	0.0481427	0.006017838
1	4	0	0.03225193	0.006450386
3	5	0	0.05758532	0.007198165
2	2	0	-0.03779687	-0.009449217
7	1	0	0.03552981	0.004441226
5	3	0	0.03250692	0.004063365
2	1	0	0.0699421	0.023314033
3	5	0	0.38416776	0.04802097
3	5	0	0.10004237	0.012505296
4	2	0	-0.01634862	-0.00272477
1	5	0	0.12031799	0.020052998
2	3	0	0.0991049	0.01982098
1	2	0	0.11093344	0.036977813
2	4	0	0.09639808	0.016066347
4	4	0	0.06497316	0.008121645
2	3	0	0.01658746	0.003317492
3	4	0	0.13515033	0.01930719
3	3	0	0.28994874	0.04832479
7	1	0	-0.20755702	-0.025944627
5	3	0	-0.09725571	-0.012156964
1	5	0	0.10237714	0.017062857
6	2	0	0.03884656	0.00485582
5	3	0	-0.01827899	-0.002284874
4	4	0	-0.0472071	-0.005900887
5	3	0	-0.16014781	-0.020018476
3	1	0	0.17211785	0.043029463
3	3	0	0.13224962	0.022041603
7	1	0	-0.08582604	-0.010728255
4	4	0	0.12297981	0.015372476
3	5	0	0.11694	0.0146175
6	2	0	-0.02924269	-0.003655336
3	5	0	0.1122788	0.01403485
5	1	0	-0.04519393	-0.007532322
2	5	0	0.02000111	0.002857301
5	3	0	0.34402406	0.043003008
5	3	0	0.10727213	0.013409016
3	1	0	0.05312855	0.013282138
2	2	0	-0.06989702	-0.017474255
4	3	0	-0.1068147	-0.015259243
5	1	0	0.08027031	0.013378385
3	5	0	0.20968194	0.026210242
4	3	0	0.31437935	0.044911336
5	3	0	0.25433362	0.031791703
1	3	0	0.19346418	0.048366045
2	6	0	0.21330129	0.026662661
6	2	0	0.04040165	0.005050206
2	6	0	0.2345967	0.029324588
2	6	0	0.18614644	0.023268305
1	6	0	0.09173137	0.013104481
3	2	0	0.18130881	0.036261762
4	4	0	0.06397247	0.007996559
4	4	0	0.23179766	0.028974708
5	2	0	-0.21558009	-0.030797156
1	7	0	0.12811419	0.016014274
1	4	0	0.03824657	0.007649314
3	4	0	-0.07138382	-0.010197689
2	6	0	0.18401427	0.023001784
3	4	0	-0.05900544	-0.008429349
4	4	0	0.26719821	0.033399776
3	5	0	0.06089606	0.007612008
3	4	0	0.2454464	0.035063771
6	2	0	-0.30360504	-0.03795063
6	2	0	0.16845756	0.021057195
4	2	0	0.22425109	0.037375182
0	1	0	0	0
4	4	0	0.37555837	0.046944796
3	5	0	0.38034831	0.047543539
3	5	0	0.12506753	0.015633441
3	1	0	0.18689868	0.04672467
3	5	0	0.10694673	0.013368341
2	6	0	0.1109327	0.013866588
3	5	0	0.07019147	0.008773934
3	5	0	0.3462775	0.043284687
5	3	0	0.33017973	0.041272466
6	2	0	-0.02994262	-0.003742827
3	1	0	-0.01254135	-0.003135337
1	7	0	0.25126821	0.031408526
4	4	0	-0.13738506	-0.017173132
3	4	0	0.31313707	0.044733867
3	5	0	0.35834484	0.044793105
4	4	0	0.27953667	0.034942084
5	3	0	0.06664032	0.00833004
2	6	0	0.1620142	0.020251775
2	3	0	0.14694803	0.029389606
5	3	0	0.05977629	0.007472036
7	1	0	-0.27287423	-0.034109279
3	4	0	0.11277781	0.016111116
2	4	0	0.26108624	0.043514373
2	6	0	0.14297691	0.017872114
1	1	0	0.12718103	0.063590515
3	3	0	0.09307917	0.015513195
3	5	0	0.16028195	0.020035244
4	2	0	0.01226664	0.00204444
4	4	0	-0.04597052	-0.005746315
3	5	0	0.07281044	0.009101305
4	3	0	0.12878539	0.018397913
2	5	0	0.12151237	0.01735891
5	2	0	0.23351497	0.033359281
4	4	0	0.10930086	0.013662608
1	5	0	0.10494039	0.017490065
3	3	0	0.30861305	0.051435508
5	3	0	0.00044726	5.59E-05
3	5	0	0.01404662	0.001755828
3	5	0	0.3487081	0.043588512
4	3	0	-0.12778098	-0.018254426
3	5	0	0.17615944	0.02201993
2	4	0	0.23709058	0.039515097
6	2	0	-0.0719871	-0.008998387
4	4	0	0.23451207	0.029314009
3	4	0	0.07360355	0.010514793
4	3	0	0.09691203	0.013844576
5	3	0	0.36278756	0.045348445
3	5	0	0.0669147	0.008364337
6	1	0	-0.08983401	-0.01283343
6	2	0	0.10805762	0.013507203
2	4	0	0.01174964	0.001958273
4	3	0	0.04234515	0.006049307
3	5	0	0.04130941	0.005163676
2	5	0	0.15354792	0.021935417
3	2	0	-0.01379803	-0.002759606
5	3	0	0.23795237	0.029744046
5	2	0	0.06105905	0.008722721
4	4	0	-0.08826622	-0.011033277
5	1	0	-0.1497761	-0.024962683
7	1	0	-0.17315353	-0.021644191
5	3	0	0.06777022	0.008471278
4	4	0	0.0475515	0.005943938
4	4	0	0.50309049	0.062886311
4	4	0	-0.0188258	-0.002353225
6	2	0	-0.32353396	-0.040441745
4	4	0	0.02050837	0.002563546
6	2	0	-0.03318887	-0.004148609
3	5	0	0.37130355	0.046412944
6	2	0	0.14909889	0.018637361
3	5	0	-0.01846652	-0.002308315
2	6	0	0.0557694	0.006971175
7	1	0	-0.10399548	-0.012999435
3	4	0	0.13119415	0.018742021
6	2	0	0.11780484	0.014725605
2	3	0	0.05762701	0.011525402
5	3	0	-0.0620272	-0.0077534
3	2	0	0.19375638	0.038751276
3	5	0	0.29375388	0.036719235
3	5	0	0.17564959	0.021956199
1	3	0	0.04254541	0.010636353
7	1	0	-0.14081463	-0.017601829
5	3	0	0.20137959	0.025172449
4	4	0	0.13880052	0.017350065
4	4	0	0.25682238	0.032102798
4	4	0	0.11004978	0.013756223
5	1	0	0.10468848	0.01744808
4	4	0	0.18316818	0.022896023
2	6	0	0.07605591	0.009506989
4	4	0	0.1937325	0.024216563
2	6	0	-0.00576056	-0.00072007
5	3	0	-0.17037965	-0.021297456
2	5	0	0.09581611	0.013688016
5	2	0	0.10090909	0.014415584
5	3	0	-0.05560624	-0.00695078
5	3	0	0.34580953	0.043226191
3	5	0	0.1371247	0.017140588
5	1	0	0.10744006	0.017906677
4	3	0	0.04618269	0.006597527
3	5	0	0.35881256	0.04485157
2	6	0	0.15979533	0.019974416
5	2	0	0.06710457	0.009586367
2	4	0	0.2386668	0.0397778
2	4	0	0.18718186	0.031196977
1	2	0	-0.02845944	-0.00948648
2	6	0	-0.00717014	-0.000896267
5	3	0	0.06075965	0.007594956
3	3	0	0.08334783	0.013891305
1	7	0	0.0367755	0.004596938
3	5	0	0.36040807	0.045051009
2	5	0	0.17390732	0.024843903
3	4	0	0.0348345	0.004976357
4	4	0	-0.00989161	-0.001236451
4	4	0	-0.00351683	-0.000439604
4	2	0	0.12371018	0.020618363
5	2	0	-0.29331237	-0.041901767
4	2	0	0.26675611	0.044459352
7	1	0	-0.06689485	-0.008361856
6	1	0	-0.17056057	-0.024365796
6	2	0	0.00647284	0.000809105
3	3	0	0.0500032	0.008333867
3	3	0	-0.02906964	-0.00484494
7	1	0	0.05687257	0.007109071
5	3	0	0.19306723	0.024133404
5	3	0	0.42093677	0.052617096
4	4	0	-0.05769954	-0.007212442
4	4	0	0.0067294	0.000841175
3	5	0	0.22963276	0.028704095
2	4	0	0.20290914	0.03381819
3	5	0	0.17792401	0.022240501
2	1	0	0.04028746	0.013429153
4	2	0	-0.03548094	-0.00591349
2	2	0	0.16128807	0.040322018
1	7	0	0.07741646	0.009677058
6	2	0	-0.11210412	-0.014013015
5	1	0	-0.11033804	-0.018389673
5	3	0	0.15113824	0.01889228
3	5	0	0.40154995	0.050193744
4	4	0	0.19027637	0.023784546
6	2	0	-0.17422969	-0.021778711
4	4	0	0.19134629	0.023918286
4	4	0	0.21887716	0.027359645
6	1	0	0.16341982	0.023345689
1	4	0	0.08452895	0.01690579
4	1	0	0.05232393	0.010464786
4	4	0	0.11036015	0.013795019
5	1	0	-0.01131183	-0.001885305
5	3	0	0.27691128	0.03461391
1	5	0	0.07492459	0.012487432
3	5	0	0.32113902	0.040142378
5	3	0	0.03141253	0.003926566
3	5	0	0.48576744	0.06072093
5	3	0	0.24325565	0.030406956
5	3	0	0.49379224	0.06172403
5	3	0	0.24838399	0.031047999
1	3	0	0.18257452	0.04564363
4	3	0	0.26002248	0.037146069
4	4	0	0.27030292	0.033787865
3	3	0	0.01396341	0.002327235
6	2	0	-0.20265321	-0.025331651
4	2	0	-0.2478855	-0.04131425
5	3	0	0.3061658	0.038270725
4	4	0	0.13866411	0.017333014
2	6	0	0.16903958	0.021129948
1	6	0	-0.17831975	-0.02547425
6	2	0	-0.2092957	-0.026161962
6	1	0	-0.15720034	-0.022457191
3	5	0	0.26834505	0.033543131
6	2	0	-0.15022426	-0.018778032
3	5	0	0.28996446	0.036245558
4	4	0	0.11947093	0.014933866
4	2	0	0.16375733	0.027292888
3	2	0	0.00630258	0.001260516
3	5	0	0.33294754	0.041618443
2	4	0	0.21095549	0.035159248
2	6	0	0.21784427	0.027230534
5	3	0	0.24261129	0.030326411
5	2	0	0.16059268	0.022941811
6	2	0	0.31267146	0.039083933
2	5	0	0.0968215	0.013831643
5	3	0	0.02721874	0.003402343
3	4	0	0.33133801	0.047334001
5	3	0	0.29395941	0.036744926
4	4	0	0.19404977	0.024256221
2	3	0	0.14620864	0.029241728
3	5	0	0.32912579	0.041140724
4	2	0	-0.11364317	-0.018940528
5	3	0	-0.27490843	-0.034363554
4	1	0	-0.03562777	-0.007125554
5	2	0	0.15539942	0.022199917
2	6	0	0.19008418	0.023760523
3	5	0	0.04746005	0.005932506
6	2	0	-0.4372541	-0.054656763
1	7	0	0.10377488	0.01297186
6	2	0	0.21829382	0.027286728
1	6	0	0.12370074	0.017671534
4	3	0	0.05045103	0.00720729
2	3	0	0.15237834	0.030475668
3	5	0	0.16142981	0.020178726
2	4	0	0.17992716	0.02998786
3	4	0	-0.03073411	-0.004390587
3	5	0	0.32999206	0.041249007
3	5	0	0.38218594	0.047773242
4	4	0	-0.08209631	-0.010262039
6	2	0	-0.16875841	-0.021094801
4	3	0	0.106811	0.015258714
4	4	0	0.00835672	0.00104459
5	3	0	-0.15298268	-0.019122835
5	3	0	0.29545189	0.036931486
6	2	0	0.16529596	0.020661995
3	5	0	0.15588157	0.019485196
2	4	0	0.23574042	0.03929007
4	3	0	0.0736823	0.010526043
3	3	0	0.21009892	0.035016487
1	3	0	0.13136035	0.032840088
3	5	0	0.33212905	0.041516131
1	7	0	0.07763257	0.009704071
2	6	0	0.24546502	0.030683128
2	4	0	0.19430566	0.032384277
6	2	0	0.01462651	0.001828314
4	2	0	0.17542029	0.029236715
3	5	0	-0.0399221	-0.004990262
3	5	0	0.42783963	0.053479954
2	2	0	0.07813771	0.019534428
4	4	0	0.10406685	0.013008356
3	5	0	0.18670611	0.023338264
2	6	0	0.05985407	0.007481759
3	4	0	0.00908863	0.001298376
5	3	0	0.29187835	0.036484794
3	5	0	0.01310863	0.001638579
3	4	0	0.10108309	0.014440441
6	1	0	-0.12049173	-0.017213104
5	3	0	0.09988609	0.012485761
5	3	0	0.21280238	0.026600298
3	5	0	0.22133909	0.027667386
1	7	0	0.04809133	0.006011416
3	5	0	-0.06739865	-0.008424831
3	4	0	-0.05602494	-0.008003563
5	3	0	0.02808378	0.003510473
3	4	0	-0.0476823	-0.006811757
1	1	0	0.11746968	0.05873484
3	4	0	0.1734657	0.024780814
6	2	0	0.22899711	0.028624639
3	4	0	0.13798174	0.019711677
4	2	0	0.08143682	0.013572803
4	4	0	0.1010737	0.012634213
3	5	0	0.19248985	0.024061231
3	5	0	0.11911827	0.014889784
5	3	0	0.32014117	0.040017646
6	2	0	0.20351884	0.025439855
5	3	0	0.2731439	0.034142988
6	2	0	-0.12420926	-0.015526157
4	4	0	0.24420616	0.03052577
4	4	0	-0.05199204	-0.006499005
7	1	0	-0.04288139	-0.005360174
3	5	0	0.34040396	0.042550495
5	3	0	-0.10485786	-0.013107232
2	6	0	0.15099529	0.018874411
3	4	0	0.23939147	0.034198781
1	5	0	0.14717997	0.024529995
4	3	0	-0.12251971	-0.017502816
3	3	0	-0.01662061	-0.002770102
5	3	0	-0.0255813	-0.003197662
3	5	0	0.18226704	0.02278338
2	5	0	-0.13413441	-0.019162059
2	3	0	0.01148644	0.002297288
2	5	0	0.24120955	0.034458507
4	4	0	0.04711134	0.005888918
4	3	0	0.00569125	0.000813036
4	4	0	0.19512645	0.024390806
3	5	0	0.34819679	0.043524599
5	2	0	0.0234924	0.003356057
4	4	0	0.08298962	0.010373703
3	1	0	0.09841175	0.024602937
2	6	0	0.28428002	0.035535003
4	4	0	0.11508512	0.01438564
5	3	0	0.3082717	0.038533962
2	4	0	0.163143	0.0271905
2	6	0	0.22151218	0.027689023
4	4	0	-0.08861953	-0.011077441
5	3	0	0.2169629	0.027120363
3	3	0	0.20121492	0.03353582
4	4	0	0.08178455	0.010223069
7	1	0	-0.0701017	-0.008762712
6	2	0	-0.14510671	-0.018138339
2	5	0	0.12673005	0.018104293
3	4	0	0.23541305	0.033630436
6	2	0	-0.11445161	-0.014306451
4	4	0	-0.0281453	-0.003518162
3	4	0	0.06711832	0.009588331
3	5	0	0.17144162	0.021430202
4	4	0	0.15933112	0.01991639
1	7	0	0.14307571	0.017884464
5	3	0	0.28625125	0.035781406
4	3	0	0.11248585	0.016069407
4	4	0	0.24680033	0.030850041
6	2	0	0.00479012	0.000598765
7	1	0	-0.0478283	-0.005978537
4	4	0	0.1006169	0.012577113
5	3	0	0.36389262	0.045486578
3	3	0	0.05556915	0.009261525
2	4	0	0.03525219	0.005875365
1	7	0	0.09328925	0.011661156
4	4	0	0.18484409	0.023105511
5	2	0	-0.20284889	-0.028978413
3	2	0	-0.10428995	-0.02085799
6	2	0	0.05942735	0.007428419
5	3	0	0.09840176	0.01230022
4	4	0	0.22619456	0.02827432
4	4	0	0.24953004	0.031191255
4	4	0	0.15576511	0.019470639
6	2	0	-0.23325719	-0.029157149
4	1	0	-0.06033097	-0.012066194
4	4	0	0.20751589	0.025939486
5	3	0	0.00419276	0.000524095
1	7	0	0.14161518	0.017701898
1	7	0	0.09342	0.0116775
6	2	0	-0.15993982	-0.019992478
2	1	0	0.06112945	0.020376483
5	3	0	-0.14881236	-0.018601545
4	4	0	0.3138853	0.039235663
5	3	0	0.10599006	0.013248758
5	3	0	0.18485895	0.023107369
7	1	0	-0.10461849	-0.013077311
2	3	0	0.10277324	0.020554648
2	6	0	0.22696169	0.028370211
4	4	0	0.29445994	0.036807493
3	4	0	-0.02723761	-0.003891087
4	4	0	0.20366409	0.025458011
2	4	0	0.30193571	0.050322618
1	5	0	0.10632043	0.017720072
4	4	0	0.34144459	0.042680574
5	3	0	-0.00223236	-0.000279045
4	4	0	-0.11557981	-0.014447476
1	3	0	0.08178067	0.020445168
1	7	0	0.11654248	0.01456781
5	1	0	-0.08767805	-0.014613008
4	4	0	-0.14589682	-0.018237102
3	5	0	0.32494689	0.040618361
4	4	0	0.06497483	0.008121854
2	4	0	0.25626553	0.042710922
2	6	0	0.18119629	0.022649536
7	1	0	-0.12094194	-0.015117742
4	2	0	0.19804483	0.033007472
5	3	0	-0.03253571	-0.004066964
4	3	0	0.13676939	0.019538484
4	4	0	0.17212009	0.021515011
3	4	0	0.26774509	0.038249299
4	4	0	0.0199286	0.002491075
7	1	0	-0.14234665	-0.017793331
2	4	0	0.12468664	0.020781107
4	4	0	0.25616085	0.032020106
3	5	0	0.47230391	0.059037989
4	4	0	0.02627817	0.003284771
6	2	0	-0.03515772	-0.004394715
4	2	0	-0.1482603	-0.02471005
3	5	0	0.3168097	0.039601213
4	4	0	0.33664867	0.042081084
3	5	0	0.16825624	0.02103203
5	3	0	-0.1204706	-0.015058825
2	5	0	0.25377363	0.036253376
5	3	0	0.11739272	0.01467409
4	4	0	0.31319263	0.039149079
1	5	0	0.09504886	0.015841477
2	5	0	0.24536209	0.035051727
4	4	0	0.19098236	0.023872795
7	1	0	0.09711232	0.01213904
5	2	0	-0.09542748	-0.013632497
5	3	0	0.04683587	0.005854484
2	5	0	-0.05155335	-0.007364764
5	3	0	0.00792346	0.000990433
5	3	0	-0.10734056	-0.01341757
4	4	0	0.13626584	0.01703323
6	2	0	-0.25016103	-0.031270129
4	4	0	0.17549248	0.02193656
5	3	0	0.01719171	0.002148964
4	4	0	0.09100891	0.011376114
6	1	0	-0.01862346	-0.002660494
4	3	0	0.1745863	0.0249409
3	1	0	-0.0054834	-0.00137085
5	3	0	0.20012745	0.025015931
4	4	0	0.32199755	0.040249694
4	4	0	0.19653905	0.024567381
2	6	0	0.17580072	0.02197509
4	2	0	-0.1834858	-0.030580967
4	1	0	0.04335673	0.008671346
3	5	0	0.24344162	0.030430202
1	2	0	0.04171235	0.013904117
4	2	0	-0.03556203	-0.005927005
2	3	0	-0.03107096	-0.006214192
2	6	0	0.15838592	0.01979824
3	2	0	0.03042166	0.006084332
3	2	0	0.02927085	0.00585417
4	4	0	0.1857631	0.023220388
5	2	0	-0.10652574	-0.015217963
3	5	0	0.3745173	0.046814663
2	5	0	0.00643698	0.000919569
3	2	0	-0.11935035	-0.02387007
3	5	0	0.37311559	0.046639449
1	6	0	0.05443915	0.007777021
3	5	0	0.1969222	0.024615275
3	5	0	0.0964051	0.012050637
3	2	0	0.13521382	0.027042764
2	5	0	0.25610045	0.036585779
1	3	0	0.1093236	0.0273309
2	6	0	0.2335274	0.029190925
3	4	0	0.00085243	0.000121776
1	7	0	0.14142309	0.017677886
5	3	0	0.19381367	0.024226709
3	4	0	-0.01730868	-0.002472669
1	7	0	0.13111308	0.016389135
2	5	0	0.11831598	0.016902283
2	6	0	0.15670384	0.01958798
4	4	0	0.32534336	0.04066792
5	3	0	-0.19802503	-0.024753129
2	6	0	0.21311135	0.026638919
2	6	0	0.35533673	0.044417091
1	7	0	0.13798531	0.017248164
5	3	0	-0.01680798	-0.002100997
3	5	0	0.2547597	0.031844963
7	1	0	-0.17162991	-0.021453739
4	4	0	0.11586412	0.014483015
5	3	0	0.06199403	0.007749254
2	5	0	-0.00467741	-0.000668201
3	5	0	0.01397586	0.001746983
1	6	0	0.08267169	0.011810241
3	3	0	0.13788016	0.022980027
2	4	0	0.11513892	0.01918982
2	6	0	0.05636279	0.007045349
5	3	0	-0.11738486	-0.014673107
4	4	0	0.07161009	0.008951261
3	5	0	0.06195827	0.007744784
4	4	0	0.01681288	0.00210161
4	4	0	-0.03869878	-0.004837347
5	2	0	0.27532333	0.039331904
2	6	0	0.12021057	0.015026321
3	5	0	0.18010939	0.022513674
4	3	0	0.2606251	0.037232157
3	3	0	0.09221409	0.015369015
2	6	0	0.18512505	0.023140631
3	5	0	0.2405898	0.030073725
3	4	0	0.14513955	0.020734221
4	3	0	-0.07372799	-0.01053257
1	5	0	0.11324932	0.018874887
5	1	0	-0.08519511	-0.014199185
5	3	0	0.05517115	0.006896394
3	5	0	0.05592171	0.006990214
2	4	0	0.02950284	0.00491714
7	1	0	37.7196937	4.714961713
1	7	0	0.11591745	0.014489681
4	2	0	0.19508992	0.032514987
4	3	0	-0.05562463	-0.007946376
4	4	0	0.25302852	0.031628565
5	3	0	0.38429843	0.048037304
6	2	0	0.03697878	0.004622348
1	7	0	0.1113739	0.013921738
3	5	0	0.14630009	0.018287511
5	3	0	0.08002108	0.010002635
3	4	0	-1.21E-05	-1.72E-06
5	3	0	-0.12453277	-0.015566596
5	3	0	0.43030345	0.053787931
4	4	0	0.06132641	0.007665801
5	3	0	0.32620137	0.040775171
2	6	0	0.1277204	0.01596505
2	4	0	0.08800859	0.014668098
2	5	0	0.2182171	0.031173871
3	3	0	-0.012642	-0.002107
2	6	0	0.11763193	0.014703991
5	3	0	-0.1030143	-0.012876787
1	4	0	0.07985318	0.015970636
3	3	0	0.11001115	0.018335192
3	3	0	-0.02761094	-0.004601823
2	4	0	0.08506346	0.014177243
5	3	0	0.29995071	0.037493839
4	4	0	0.20429617	0.025537021
4	2	0	0.09767534	0.016279223
5	2	0	-0.13632943	-0.019475633
3	3	0	0.13672531	0.022787552
3	5	0	0.32475013	0.040593766
5	2	0	0.03168638	0.004526626
3	3	0	0.17932091	0.029886818
2	5	0	0.02345564	0.003350806
5	2	0	-0.08020691	-0.01145813
6	2	0	0.1245507	0.015568838
4	4	0	0.25109723	0.031387154
7	1	0	0.18208424	0.02276053
3	5	0	0.07258416	0.00907302
1	0	0	0	0
3	3	0	0.06209756	0.010349593
2	6	0	0.17114024	0.02139253
4	2	0	0.0338239	0.005637317
4	4	0	-0.00080838	-0.000101047
2	6	0	0.08470863	0.010588579
3	5	0	0.31256001	0.039070001
6	2	0	-0.352238	-0.04402975
5	3	0	0.1499421	0.018742763
7	1	0	-0.06664555	-0.008330694
3	5	0	0.23491588	0.029364485
5	3	0	0.31433769	0.039292211
2	2	0	0.04007759	0.010019398
5	3	0	-0.02710126	-0.003387657
4	4	0	0.20171887	0.025214859
3	5	0	0.07677301	0.009596626
4	3	0	-0.09858857	-0.014084081
3	1	0	0.15698042	0.039245105
4	3	0	-0.05208946	-0.007441351
6	2	0	0.00678302	0.000847878
5	3	0	0.31892791	0.039865989
2	6	0	0.2651141	0.033139263
2	6	0	0.27368262	0.034210328
1	7	0	0.1196632	0.0149579
5	3	0	0.03389019	0.004236274
3	5	0	0.06173666	0.007717083
1	3	0	0.10808509	0.027021273
4	4	0	0.4851314	0.060641425
3	5	0	0.16844986	0.021056232
1	5	0	0.0923496	0.0153916
1	4	0	0.13489535	0.02697907
4	4	0	0.26981554	0.033726943
1	7	0	0.0883393	0.011042413
4	4	0	0.12632338	0.015790423
4	3	0	0.05328597	0.007612281
1	6	0	0.21104317	0.030149024
6	2	0	0.07744255	0.009680319
1	5	0	0.03577738	0.005962897
2	6	0	0.09693435	0.012116794
3	5	0	0.16097341	0.020121676
4	3	0	-0.02728323	-0.003897604
4	2	0	0.15630803	0.026051338
4	3	0	0.35284162	0.050405946
1	6	0	0.07112613	0.010160876
4	4	0	0.09825209	0.012281511
3	5	0	0.37698023	0.047122529
4	4	0	-0.01661518	-0.002076897
